49.742
47.512
29.662
47.291
54.416
74.413
27.396
51.421
58.049
65.33
29.098
74.148
58.049
99.09
50.464
93.723
39.5
38.333
41.04
35.891
62.656
45.015
75.438
39.63
32.717
48.981
41.256
48.205
39.63
63.547
16.506
36.067
25.999
34.86
41.506
20.997
51.368
49.416
93.601
36.244
43.785
34.86
61.444
26.497
40.844
41.185
30.298
57.627
46.957
26.749
55.747
58.554
36.12
53.167
45.138
35.134
41.234
43.84
39.596
9.7342
44.248
61.444
43.41
47.366
34.189
56.986
23.808
65.701
50.006
28.712
83.617
25.313
64.168
27.535
74.795
43.089
59.288
42.418
63.249
59.569
13.11
57.395
21.266
51.11
69.915
57.75
61.002
50.414
38.883
34.487
31.772
72.091
44.156
48.12
44.028
40.823
57.095
35.199
66.574
77.054
55.548
55.192
50.339
57.074
35.271
56.382
34.487
44.028
30.007
38.511
46.136
26.767
52.95
41.712
56.267
69.871
37.596
50.529
59.505
19.281
41.451
35.206
54.716
61.934
35.197
38.267
46.703
19.774
20.705
67.771
68.034
39.073
38.472
40.07
20.705
81.047
49.932
27.763
40.945
51.196
85.009
20.705
40.844
42.973
28.128
66.092
29.96
34.813
60.816
51.034
45.807
45.335
57.75
39.008
29.96
44.855
27.081
48.429
74.795
49.63
30.409
76.751
42.957
46.604
29.085
78.138
37.316
18.253
40.304
40.914
88.153
31.22
35.338
51.07
63.759
35.976
22.549
54.539
37.821
30.353
43.737
50.339
68.136
52.142
43.097
64.094
53.359
61.934
24.055
14.228
51.278
15.839
53.178
33.666
71.67
28.613
30.548
24.418
61.796
56.147
42.751
42.788
31.509
52.263
53.742
41.482
48.005
43.097
22.951
61.657
32.497
56.575
52.263
31.332
28.2
39.706
69.434
25.217
56.769
46.296
61.662
85.503
54.585
38.606
30.382
18.045
44.52
25.464
40.981
25.324
55.854
66.055
38.432
59.811
56.986
54.343
60.213
36.085
34.76
49.981
27.105
18.045
25.579
62.577
51.368
46.296
43.26
68.136
45.554
49.342
49.346
64.646
66.522
40.116
20.652
42.924
41.263
48.839
40.669
31.919
62.893
25.221
57.87
40.669
55.794
51.66
12.875
40.515
70.583
74.169
46.677
70.008
49.664
33.115
54.114
37.187
63.475
33.401
42.671
27.125
40.669
28.442
57.819
52.652
19.822
46.296
34.288
60.978
31.51
27.505
52.572
46.296
37.427
57.271
52.601
39.339
51.359
30.612
72.637
48.874
65.073
48.005
43.99
32.671
54.147
55.293
45.374
49.809
26.034
32.671
82.55
35.664
68.949
27.995
25.967
46.83
82.247
46.375
33.621
64.877
27.368
65.469
44.699
71.327
65.034
28.442
46.375
70.45
52.423
43.602
45.288
86.917
43.876
53.664
51.413
52.263
46.375
51.677
64.924
47.293
67.903
58.994
47.759
50.463
67.564
53.872
66.638
26.779
28.394
55.242
45.409
41.418
55.591
57.644
30.032
54.416
29.064
42.387
26.734
71.252
32.656
37.517
71.364
48.78
35.651
39.504
45.109
40.962
31.193
88.582
62.608
38.867
39.504
37.39
46.8
55.487
59.79
43.999
31.062
54.948
65.02
67.546
42.195
52.886
25.467
60.022
45.395
56.305
63.547
50.123
46.738
59.012
54.313
42.043
74.606
71.364
17.722
58.621
58.621
53.872
43.346
44.591
52.675
53.333
56.179
61.444
53.333
45.197
61.289
45.395
58.996
61.058
39.292
39.994
54.241
62.955
62.983
67.428
66.707
45.337
60.694
74.452
43.911
47.229
80.772
64.846
31.741
64.846
46.263
14.554
64.846
16.857
56.831
60.864
43.308
42.085
35.511
66.781
29.838
42.085
40.159
29.47
22.833
53.527
69.363
51.847
49.689
41.193
52.665
66.306
37.206
28.925
45.765
47.926
41.598
49.277
36.782
41.461
47.553
78.132
26.051
36.782
90.143
34.599
61.277
69.696
56.582
44.366
58.729
45.995
28.541
59.569
50.255
19.009
68.4
21.266
26.769
41.823
41.823
40.823
56.902
86.638
46.735
63.285
24.969
79.491
73.098
52.95
65.008
65.319
69.388
65.319
37.956
37.956
72.786
52.352
78.314
80.414
78.314
44.13
41.011
64.593
52.95
38.917
69.388
43.612
52.95
46.462
39.506
79.977
35.134
81.396
42.085
32.906
37.9
51.25
18.827
17.065
31.012
51.774
81.047
40.049
70.319
22.698
66.843
37.264
41.455
74.362
81.047
31.509
60.669
43.26
33.803
36.313
72.218
31.375
44.729
60.669
28.082
48.667
43.698
66.447
58.927
80.731
50.392
44.148
58.905
60.883
44.098
67.546
35.434
54.163
31.509
49.63
57.344
55.786
46.388
50.29
56.589
81.047
36.017
11.3
62.991
42.467
43.633
43.308
38.461
49.17
50.5
31.22
28.433
38.364
37.818
52.821
93.486
45.436
35.106
34.623
58.27
60.679
62.654
58.771
45.166
37.148
44.993
44.442
21.41
37.935
57.729
71.003
68.964
59.889
70.178
57.444
34.75
59.14
41.919
56.768
41.123
56.065
32.743
43.751
24.865
49.133
22.59
33.195
36.962
44.145
40.452
70.793
53.156
76.963
31.254
24.713
72.83
53.736
57.903
61.489
58.251
38.606
45.677
61.91
40.752
56.769
81.047
68.835
5.7274
42.621
38.94
44.52
40.424
52.026
63.028
51.105
65.906
56.284
81.047
30.204
16.963
33.23
37.93
54.102
40.572
84.137
78.756
42.085
42.945
52.784
47.529
27.105
49.185
46.581
43.26
67.546
42.085
52.607
38.87
32.77
38.87
38.87
63.67
46.699
46.8
41.216
44.706
64.378
30.435
60.281
38.45
52.709
42.201
25.617
39.064
49.451
86.469
90.441
78.781
52.925
48.839
70.162
51.949
38.84
52.487
47.937
44.96
22.348
78.132
38.84
51.85
43.245
35.018
60.543
53.419
53.377
54
33.954
42.658
43.148
71.556
53.435
45.439
59.953
56.559
53.435
71.364
67.546
59.616
33.217
66.635
68.032
77.376
48.874
72.637
69.173
61.916
67.546
37.958
66.082
30.435
41.28
55.935
47.613
42.881
58.509
76.54
55.682
56.966
88.494
61.594
41.406
72.83
50.166
47.32
49.171
48.778
77.376
26.601
51.079
45.66
79.622
26.274
57.494
74.864
48.893
61.052
41.406
54.999
44.79
63.568
48.66
37.017
91.077
36.077
39.506
65.469
33.306
45.563
46.212
35.511
77.999
28.863
59.177
24.664
23.389
77.376
68.537
45.017
29.366
55.786
43.987
72.83
19.443
55.786
51.55
39.55
93.299
49.451
64.704
97.966
54.307
83.733
39.498
57.455
67.564
59.605
40.61
44.318
29.693
65.26
94.763
50.166
46.513
36.343
39.903
36.289
73.869
38.381
56.454
51.421
68.561
37.183
19.77
29.098
55.228
63.557
31.541
71.912
8.9788
29.738
39.5
59.627
45.82
57.134
46.912
48.571
30.4
60.51
56.454
28.199
31.902
36.931
50.377
50.06
76.387
36.507
55.451
58.437
26.749
39.131
28.472
38.074
74.688
61.664
54.536
74.688
31.899
67.154
31.902
55.013
57.789
28.346
50.898
71.524
48.571
62.217
72.404
34.803
43.35
48.903
80.421
37.84
48.238
39.773
25.797
52.321
54.603
56.454
31.992
39.773
27.615
54.484
42.093
73.184
67.507
31.992
41.634
48.589
46.604
36.568
32.298
31.29
55.47
64.311
32.457
33.333
35.091
38.267
40.882
69.979
46.456
36.539
42.53
69.78
23.517
51.086
45.661
53.895
65.599
54.625
29.587
55.409
53.753
59.009
52.895
89.411
46.305
43.092
53.249
63.139
59.777
26.35
38.699
46.305
33.835
79.69
43.472
38.847
38.547
62.148
36.931
62.895
43.35
11.373
41.548
19.122
40.117
6.3438
72.248
28.812
9.7204
60.108
40.614
53.618
59.474
81.584
42.004
58.664
76.509
33.633
40.393
47.297
65.124
54.373
29.555
40.356
52.566
23.386
70.431
15.15
47.716
42.861
44.673
56.454
68.743
45.923
44.793
44.673
72.058
25.428
50.499
77.74
25.852
38.435
51.114
53.895
77.106
34.931
51.114
14.75
48.622
74.781
40.393
52.351
25.485
43.04
87.151
54.499
21.001
27.25
35.604
45.69
40.794
38.932
46.452
24.441
21.423
73.163
41.2
63.782
27.51
58.069
45.298
56.082
31.002
88.097
33.876
60.924
96.967
29.005
69.796
29.671
37.972
49.991
52.566
20.12
48.604
30.397
48.326
41.649
44.112
50.821
56.082
29.221
72.169
42.333
34.101
49.615
25.372
32.298
45.467
18.658
58.345
29.464
47.992
33.634
56.488
44.828
29.221
28.13
56.668
37.388
40.559
42.595
57.123
52.041
34.943
42.374
48.178
44.44
18.465
45.122
58.601
49.131
56.668
12.887
58.725
52.973
50.442
48.21
43.06
58.987
38.836
82.989
51.089
39.74
27.457
43.06
58.083
44.063
51.073
33.764
32.528
53.427
51.641
79.276
43.71
45.466
44.673
55.049
43.71
30.093
54.389
23.208
32.298
50.553
56.489
59.166
52.205
74.092
49.302
78.475
58.91
48.48
52.988
41.755
46.406
53.541
58.925
52.623
56.183
40.349
34.189
59.102
57.219
40.885
82.771
43.999
55.228
57.063
31.992
64.939
31.541
47.673
46.202
53.896
57.134
57.682
69.651
40.55
39.903
45.916
34.249
31.814
50.377
45.752
54.143
76.387
36.507
57.4
31.689
26.921
42.319
36.885
55.081
42.085
65.251
60.122
25.294
74.185
27.535
33.516
41.797
41.598
41.193
37.108
49.703
53.731
30.832
87.492
84.501
66.306
72.404
50.505
47.318
68.473
50.255
22.564
52.865
84.939
52.955
31.992
46.085
50.327
38.874
23.531
64.526
42.093
47.267
57.076
61.148
24.496
19.625
52.403
46.604
45.784
69.979
43.863
67.22
20.801
70.557
55.409
41.248
37.538
58.717
25.319
39.499
44.336
62.003
85.151
53.249
61.255
88.153
48.497
26.35
51.391
78.357
30.692
44.056
24.53
69.835
61.243
60.436
75.089
34.564
51.624
47.423
23.378
57.529
43.468
44.445
48.931
62.855
86.83
45.723
54.137
60.699
28.341
63.683
32.77
74.804
26.31
77.74
59.959
33.553
46.527
42.283
63.543
14.75
31.481
46.263
51.124
32.906
26.238
19.203
56.828
71.189
66.053
40.908
45.476
34.757
61.046
66.522
69.848
32.004
62.341
52.671
65.978
40.475
60.374
52.783
37.573
54.339
71.244
42.256
53.659
60.79
34.101
50.446
54.315
25.426
95.554
41.008
49.886
77.037
43.529
53.185
42.256
57.313
73.893
75.91
55.477
60.479
58.601
12.887
27.173
66.706
37.922
52.252
28.129
42.297
43.556
36.077
50.514
36.541
50.98
69.241
39.003
38.233
37.391
69.138
51.421
59.166
54.986
42.472
48.945
32.569
72.642
47.512
7.7885
21.421
73.301
43.4
47.128
66.605
44.068
56
39.241
65.33
43.41
47.735
54.986
54.493
36.21
41.561
46.483
26.47
57.683
50.291
57.753
47.99
35.891
30.485
67.38
45.82
56.064
44.091
36.138
34.672
54.138
44.818
51.877
48.497
43.166
34.672
51.877
38.537
49.187
69.46
34.189
34.189
40.997
51.877
64.382
43.785
51.877
54.295
36.308
41.682
30.321
52.751
58.976
50.026
51.795
94.625
34.378
26.369
51.877
41.424
61.751
25.637
36.885
65.884
68.124
68.124
37.75
94.625
40.811
32.239
44.26
49.533
85.07
68.124
42.93
86.378
25.951
61.421
54.986
24.299
49.587
26.432
61.805
54.138
32.966
66.59
59.995
46.808
51.877
68.193
57.506
72.293
72.613
46.703
66.368
31.457
43.4
53.278
46.808
48.651
57.068
45.556
34.214
16.105
28.829
45.556
45.556
29.222
33.603
54.138
42.343
38.052
80.276
49.065
39.58
28.124
67.771
48.497
37.18
46.433
34.65
86.378
51.877
20.985
32.447
38.648
32.447
34.403
48.012
35.259
51.302
59.009
39.424
55.906
78.058
51.784
38.648
23.841
29.899
44.818
51.933
16.105
38.395
63.999
39.683
49.046
48.065
42.034
27.335
34.189
56.656
41.266
38.931
24.479
50.434
58.697
60.4
52.751
66.603
36.461
26.006
35.259
6.1383
55.798
42.974
78.83
35.496
67.818
40.058
75.543
23.073
65.376
53.535
82.55
58.661
53.248
30.741
43.357
65.505
26.536
36.21
81.893
38.509
61.926
43.964
62.856
57.498
27.489
34.223
56.591
26.06
80.688
39.23
17.344
54.886
45.75
45.376
27.833
39.647
11.055
53.699
40.442
30.812
31.796
52.751
58.815
39.973
34.931
36.308
34.831
41.212
37.976
32.82
57.204
52.751
40.407
63.57
43.718
23.052
26.857
43.371
48.209
30.865
65.858
28.978
56.465
28.101
52.925
40.874
40.874
52.098
44.493
53.328
57.641
29.912
37.12
62.86
62.86
62.86
57.4
48.498
23.436
35.011
55.23
36.099
78.865
32.08
78.865
32.602
52.602
39.035
47.699
26.238
34.585
49.608
29.463
53.879
35.764
34.455
26.099
63.311
33.5
72.613
49.346
61.223
44.013
30.506
43.12
59.42
43.12
23.892
39.28
64.714
36.308
55.262
50.821
68.031
59.396
32.558
64.714
35.263
50.102
45.602
61.759
56.036
87.182
25.603
25.807
51.54
31.977
41.017
36.788
42.827
60.465
43.371
61.207
44.208
27.467
51.811
43.371
21.62
61.597
54.519
38.732
43.035
45.554
61.926
26.732
52.751
23.374
43.443
44.379
59.863
37.695
46.998
34.266
39.97
51.69
17.852
25.105
44.921
76.188
51.286
67.449
20.22
44.268
84.549
73.589
82.55
35.186
68.949
56.579
44.693
39.742
68.949
84.549
19.425
60.598
58.681
62.673
68.845
33.043
13.51
65.884
82.55
27.359
32.154
21.205
72.133
63.311
49.746
64.527
84.922
36.723
56.698
78.379
13.51
62.174
60.069
62.991
40.629
42.825
39.566
57.457
25.603
36.541
82.55
34.043
57.13
61.138
26.544
60.059
42.12
42.057
51.713
48.27
29.794
49.111
35.557
38.821
35.94
56.489
55.74
49.111
64.924
59.995
51.169
69.113
50.541
40.72
24.363
67.413
73.787
47.293
67.914
54.92
29.142
49.257
26.971
44.038
75.02
69.113
60.456
28.958
58.191
42.701
26.779
78.703
86.328
31.184
57.915
13.809
37.155
102.75
46.482
79.658
32.476
69.213
54.669
40.885
65.783
43.62
34.531
71.896
14.981
50.996
88.567
24.85
31.105
22.101
44.881
44.869
62.929
47.324
48.382
56.809
10.104
33.516
36.637
62.68
32.861
46.076
29.93
26.996
61.129
8.6683
26.769
68.94
34.943
56.088
42.999
52.421
35.124
30.824
36.909
14.108
61.589
43.863
26.709
37.9
43.863
47.975
57.863
38.528
21.448
67.073
19.508
85.151
43.49
31.646
35.61
15.336
27.24
23.445
57.254
52.41
40.716
79.24
44.457
31.187
15.336
61.796
49.584
41.032
36.468
51.077
91.118
84.401
85.59
67.071
24.806
56.77
41.838
16.963
73.775
40.225
37.869
63.302
30.09
52.274
35.844
46.548
38.235
49.346
41.726
41.2
41.95
54.661
79.896
76.84
33.391
37.397
50.41
44.337
55.262
87.507
55.566
34.576
63.376
24.64
66.443
66.664
41.05
59.494
73.981
28.207
44.294
26.499
57.964
35.757
65.127
13.544
59.147
31.42
67.586
50.245
25.307
27.461
30.949
100.21
25.15
87.349
46.446
28.679
46.365
75.236
14.532
49.011
53.796
41.755
32.875
49.709
41.217
41.726
33.927
19.047
41.173
40.296
82.854
57.547
34.688
53.958
59.102
63.164
44.877
32.035
68.494
44.961
48.2
53.353
75.438
56.916
38.794
64.769
63.583
55.979
45.193
43.244
96.401
56.879
53.947
48.601
41.302
33.413
24.394
73.764
51.074
57.887
48.88
40.528
47.846
51.489
54.554
47.76
12.503
65.571
54.561
69.564
48.07
36.36
29.381
71.434
44.542
54.307
46.515
35.914
30.832
25.951
44.636
71.072
65.571
58.474
45.736
71.474
40.756
46.678
39.944
79.088
47.377
35.553
53.287
42.93
62.033
42.208
37.116
49.606
57.011
65.082
35.124
24.399
79.546
29.683
68.36
43.612
53.733
48.28
33.687
46.418
67.099
64.873
42.046
59.505
42.046
27.24
26.405
46.999
38.297
49.901
67.447
40.348
32.265
37.65
75.33
39.762
34.207
72.601
58.717
11.22
39.499
69.992
28.004
70.517
44.203
34.328
41.761
35.671
16.202
58.019
87.972
54.003
42.974
58.452
39.945
60.319
60.655
16.427
54.432
18.506
35.563
69.844
45.636
43.015
27.732
53.044
33.26
44.882
79.844
70.097
63.327
43.751
64.973
57.405
36.712
38.579
46.34
27.632
29.738
27.194
33.375
38.949
56.575
68.358
44.406
36.853
51.534
43.322
34.767
40.702
27.836
40.307
36.651
56.878
67.691
49.168
59.505
38.623
38.794
36.723
41.947
44.133
32.993
96.381
70.207
56.479
27.185
88.754
51.732
32.148
40.43
26.752
61.926
45.368
41.206
69.576
47.449
38.174
33.902
44.102
16.57
34.546
41.977
57.826
66.727
39.301
32.27
42.735
35.515
21.388
51.208
77.1
56.067
22.523
16.642
63.347
57.501
62.494
13.447
12.403
57.819
64.079
39.015
37.019
44.303
39.607
19.683
42.206
44.87
50.156
46.12
39.921
20.974
35.932
43.433
39.921
72.969
49.639
61.015
51.964
59.627
65.006
51.923
62.315
23.341
69.791
52.458
45.859
60.104
38.525
25.437
50.457
65.46
32.94
39.46
41.046
44.069
20.879
50.457
24.394
20.58
35.102
33.814
48.723
72.376
45.615
36.129
35.848
43.25
46.776
17.973
58.141
63.06
25.616
29.554
10.972
66.515
39.88
37.158
43.372
42.543
51.605
23.748
31.274
54.298
42.012
39.365
54.167
31.907
54.546
69.266
