0.21303
0.0531
0.057985
0.76569
0.39187
0.16973
0.25852
0.011888
0.32772
0.22907
0.14604
0.25369
0.32772
0.2282
0.26774
0.23533
0.075539
0.53494
0.091587
0.09821
0.23977
0.059426
0.23555
0.33169
0.24768
0.49368
0.68706
0.19188
0.33169
0.17631
0.22866
0.10982
0.31318
0.14647
0.21586
0.15421
0.16189
0.097874
0.17314
0.61807
0.26989
0.14647
0.27231
0.40558
0.077632
0.027602
-0.19118
0.28986
0.047092
0.070972
0.26994
0.062358
0.075273
0.14872
0.13551
0.15495
0.27514
0.31781
0.14638
0.30844
0.084631
0.27231
0.58976
0.089555
0.19715
0.27741
0.1662
-0.11837
0.33084
-0.076021
0.031134
0.086557
0.020108
0.1645
0.067112
0.17367
0.1529
0.22749
0.21428
0.34476
0.30401
0.30594
0.19266
0.099488
0.14679
0.1685
0.10459
0.075448
0.076515
0.34529
0.28631
0.16774
0.10714
0.17858
0.070842
0.16544
0.1577
0.084606
0.15628
0.24645
0.20071
0.24588
0.21481
0.26639
0.58275
0.25253
0.34529
0.070842
0.21616
0.33151
0.24298
0.16487
0.15627
0.082403
0.081018
0.43427
0.092796
0.10614
0.088658
0.021134
0.12077
0.053353
0.065761
0.29245
0.30465
0.1673
0.23151
0.094455
0.12646
0.05149
0.033391
0.036332
-0.1787
0.32955
0.12646
0.20367
0.20259
0.19876
0.32004
0.058502
0.15936
0.12646
0.077632
0.11893
0.21141
0.20466
0.35794
0.1451
0.16216
0.11769
0.039369
0.14618
0.1685
0.33848
0.35794
0.29388
0.205
0.14853
0.067112
0.090832
0.97231
0.10923
0.30374
0.11504
0.15123
0.24148
0.17697
0.14553
0.12263
0.066071
0.22402
0.071229
0.24369
0.03847
0.0082937
0.16867
0.091069
0.13917
0.068282
0.053342
0.093215
0.21481
0.20827
0.25861
0.097288
0.14431
0.14545
0.29245
0.10532
0.10231
0.10228
0.00029251
0.087361
0.50649
0.22371
0.16481
-0.0047509
0.18027
0.15659
0.22313
0.064138
0.040938
0.11059
0.17629
0.59283
0.33579
-0.12727
0.097288
0.42146
0.34373
0.18178
0.14452
0.17629
0.28037
0.075345
0.11624
0.093323
-0.05496
0.065768
0.19612
0.030183
0.23281
-0.010679
0.08505
0.046633
0.19091
0.31787
0.15366
0.2561
0.12244
0.281
0.084919
0.012959
0.43693
0.27741
0.27801
0.11587
0.062336
0.18804
0.36746
0.021342
0.19091
0.29912
0.12157
0.16189
0.19612
0.17289
0.20827
0.2306
0.062096
0.13668
0.054018
0.3699
0.4359
0.1962
0.06612
0.15493
0.30004
0.14742
0.14915
0.27665
0.24142
0.26536
0.14742
0.064904
0.1009
-0.16113
0.075111
0.067371
0.13812
0.2295
0.015472
0.18347
0.12231
0.35972
0.27639
0.12614
0.15354
0.087118
0.29529
0.14742
0.32784
0.056766
0.28192
0.18779
0.19612
0.06381
0.53541
0.027027
0.19452
0.081035
0.19612
0.19491
0.046034
0.39365
0.083005
0.20886
0.25845
0.15241
0.043724
0.12131
-0.12727
0.2309
0.1875
0.074249
0.099009
0.34387
0.029021
0.23478
0.1875
0.15531
0.31854
0.072852
0.13411
0.076728
0.20344
0.13871
0.20495
0.14616
0.18075
0.062623
0.16453
0.12507
0.27172
0.056808
0.32784
0.20495
0.065411
0.029088
0.080218
0.27116
0.067945
0.21644
0.0442
0.32339
0.17629
0.20495
0.076545
0.14624
0.23767
0.22578
0.25789
0.1145
0.060921
0.10184
0.32134
0.070266
-0.0094786
0.14193
0.1809
0.14086
0.13558
0.028055
0.069038
0.11877
0.39187
0.05312
0.44283
0.11307
0.084077
0.1402
0.13635
0.27835
0.19102
0.18686
0.056137
0.12195
0.099145
0.1281
0.030356
0.11212
0.33154
0.056137
0.10142
0.18696
0.33033
0.082386
0.041667
0.17971
0.20827
0.073908
0.10255
0.086618
0.083962
0.32229
-0.008637
0.053317
0.061357
0.17631
0.22453
0.042882
0.24228
0.083054
0.041997
0.073667
0.27835
0.12774
0.059365
0.059365
0.028828
0.11287
0.1225
0.022995
0.10575
0.32432
0.27231
0.10575
0.11042
0.16134
0.053317
0.16465
0.061779
0.116
0.073019
0.060192
0.18829
0.056316
0.087549
0.066383
0.17994
0.10827
0.39889
0.12794
0.20388
0.27734
0.077806
0.26863
0.077806
0.15174
0.19985
0.077806
0.029283
0.40747
0.045863
0.072942
0.043825
0.10786
0.067823
0.066468
0.043825
0.12895
0.27638
0.15484
0.47001
0.13633
0.28819
0.18979
0.19328
0.13141
0.14173
0.084001
0.010464
0.19852
0.095899
0.20791
0.085522
0.10841
0.067603
0.06085
0.33916
0.081946
0.10841
0.076439
0.11866
0.15771
0.017533
0.079299
0.056356
0.1741
0.16776
0.075064
0.34476
0.10073
0.12039
0.17131
0.19266
0.1882
0.20346
0.20346
0.16544
0.019025
0.078764
0.096234
0.4916
0.10254
0.030171
0.069209
0.15627
0.38089
0.24761
0.40057
0.24761
0.11075
0.11075
0.11003
0.039022
0.18123
0.26235
0.18123
0.087638
0.055944
0.29392
0.15627
0.13352
0.40057
0.14298
0.15627
0.1063
0.11126
0.015446
0.12849
0.10828
0.043825
0.35285
0.11868
0.19529
0.040266
0.13612
0.056244
0.21708
0.20367
0.1066
0.062445
0.11567
0.096738
0.12702
0.04534
0.39147
0.20367
0.11059
0.13546
0.17289
0.12183
0.049952
0.2511
0.11853
0.18779
0.13546
0.24536
0.081654
0.11651
0.15448
0.033521
0.037256
0.075096
0.091235
0.45188
0.093289
0.26776
0.10255
0.12864
0.30268
0.11059
0.090832
0.10979
0.04855
0.25365
0.15857
0.087268
0.20367
0.017993
-0.050721
0.027808
0.049439
0.041815
0.21801
0.10999
0.088821
0.15428
0.071229
0.065046
0.10941
0.11182
0.16
0.26491
0.082154
0.21788
0.17304
0.2387
0.15717
0.00027558
0.23405
0.30471
0.21004
0.21799
0.055029
0.18276
0.18801
0.26443
0.40114
0.057407
0.043999
0.12577
0.48815
0.062038
0.0037145
0.32058
0.20204
0.2292
0.5101
0.32909
0.10294
0.13035
0.16509
0.13841
0.27896
0.31129
0.024793
0.22265
0.11844
0.29858
0.3691
0.10817
0.04569
0.2119
0.16923
0.094156
0.074342
0.18671
0.08505
0.15681
0.1289
-0.01569
0.065768
0.20367
0.094924
0.099916
0.069864
0.07872
0.31787
0.12686
0.17315
0.21547
0.15749
0.30198
0.07133
0.20367
0.14579
0.1183
0.24412
0.029589
0.088427
0.31862
0.078561
0.11194
0.043825
0.091527
0.2328
0.092677
0.021342
0.10917
0.17747
0.17289
0.10255
0.043825
0.30598
0.079674
0.079777
0.079674
0.079674
0.16232
0.17443
0.18696
0.076481
0.14104
0.16013
0.054988
0.067451
0.16797
0.11282
0.28458
0.082891
0.3432
0.077481
0.13085
0.052686
0.25258
0.46071
0.30004
0.097002
0.045704
0.082818
0.20321
0.22973
0.027729
0.055029
0.33916
0.082818
0.26915
0.16349
0.092808
0.11446
0.12096
0.29726
0.21126
0.10774
0.095391
0.18002
0.1441
0.05907
0.091634
0.12773
0.1137
0.05907
0.27835
0.10255
0.31046
0.1193
0.02453
0.080257
0.26416
0.043724
0.15241
0.15694
0.082514
0.10255
0.27209
0.17977
0.054988
0.13311
0.037356
0.081566
0.078681
0.11803
0.14214
0.35724
-0.032124
-0.0625
0.054534
0.30019
0.2119
0.12649
0.1995
0.1186
0.11888
0.26416
0.046038
0.16681
0.10039
0.09809
0.28953
0.26494
0.45431
0.081002
0.085349
0.30019
0.23916
0.13663
0.064586
0.077996
0.081434
0.062267
0.30661
0.11126
0.16453
0.17414
0.17899
0.10683
0.10786
0.13228
0.39565
0.026154
0.16287
0.27575
0.26416
0.25162
0.20993
0.11684
0.04855
0.093205
0.2119
0.0096945
0.04855
0.19133
0.082083
0.072731
0.077481
0.041655
0.083647
0.17319
0.12171
0.27569
0.086706
0.10184
0.05458
0.079012
0.12398
0.061742
0.092586
0.11336
0.12649
0.099155
0.18744
0.28852
0.14417
0.10376
0.14944
0.15504
0.011888
0.054478
0.048845
0.047274
0.14604
0.057824
0.048453
0.053719
0.16315
0.063266
0.093813
0.075539
0.030496
0.28428
0.15581
0.051504
0.16996
0.28535
0.16578
0.15504
0.049222
-0.033273
0.43168
0.077426
0.033144
0.19389
0.066703
0.1943
0.45542
0.070972
0.24872
0.26533
0.14786
0.22254
0.091301
0.10371
0.22254
0.23682
0.075812
-0.033273
0.1393
0.15007
0.12172
0.18388
0.11025
0.16996
0.047608
0.075258
0.098562
0.17215
0.24612
0.071779
0.080433
0.071616
0.33076
0.68253
0.12236
0.31171
0.15504
0.060842
0.33076
0.026977
0.055861
0.067241
0.028252
0.23768
0.060842
0.11841
0.041984
0.087349
0.23976
0.21966
0.13223
0.081616
0.059626
0.036646
0.23905
0.0012743
0.1673
0.10602
0.081972
0.067785
0.17452
0.042039
0.13804
0.16074
0.060063
0.054417
0.059044
0.23314
0.12039
-0.021369
0.090917
0.1725
0.38169
0.089064
0.041467
0.090521
0.14372
0.060583
0.13676
0.23707
0.17795
0.12476
0.090521
0.14674
0.0014698
0.02847
0.2063
0.20815
0.39395
0.43168
0.10941
0.17215
0.045705
0.15964
0.19827
0.27461
-0.087459
0.067378
0.093804
0.039726
0.057415
0.28815
0.2724
0.12284
0.19778
0.10526
0.12008
0.10645
0.097128
0.28059
0.039593
0.38116
0.04647
0.16481
0.069332
0.10519
0.10741
0.2048
-0.15718
0.14327
0.38308
0.077005
0.15504
0.18168
0.070913
0.19074
0.077005
0.24734
0.12631
0.03778
-0.034769
0.031246
0.10146
0.15719
0.059044
0.051165
0.10857
0.15719
-0.088597
0.35003
0.20679
0.28059
0.20803
0.084893
0.16332
0.087568
0.25431
0.3273
0.087063
0.063486
0.14841
0.10202
0.076092
0.29569
0.30394
0.0029812
0.13273
0.051905
0.144
0.24383
0.14818
0.31619
0.074484
0.14913
0.27593
0.28826
0.2186
0.048145
0.066996
0.077884
0.23028
0.090848
0.19174
0.10519
0.49509
0.075638
0.22275
0.41241
0.023999
0.067333
0.10295
0.074484
0
0.091515
0.075238
-0.0096091
0.35762
0.070253
0.21966
0.18524
0.08473
0.11167
0.22031
0.11067
-0.0041113
0.029558
0.069216
0
0.10406
0.089679
0.098969
0.3743
0.15025
0.24068
0.056643
0.079183
0.12609
0.091033
0.076469
0.83694
0.16973
-0.046557
0.014372
0.089679
0.039717
0.10832
0.083973
0.083709
0.074112
0.37574
0.097491
0.17224
0.25608
0.083527
-0.25721
0.082931
0.37574
0.035703
0.11563
0.095887
0.14766
0.10331
0.35191
0.079234
0.12147
0.15292
0.10601
0.077005
0.12998
0.15292
0.48127
0.077402
0.17856
0.21966
0.018905
0.13815
0.19568
0.21191
0.051674
0.089344
0.25486
0.19102
0.14078
-0.0088649
0.19573
0.063065
0.040338
0.20254
0.20048
0.090888
0.2209
0.19715
0.057258
0.14704
0.20239
0.068324
0.041667
0.057824
0.21192
0.060842
0.05573
0.053719
0.084659
0.0098267
0.15204
0.15581
0.72486
0.035686
0.15964
0.28852
0.034257
0.18908
0.088125
0.077426
0.15325
0.049306
0.19389
0.066703
0.04217
0.30023
0.080785
0.21633
0.11287
0.3995
0.043825
0.14814
0.085032
0.088922
0.15913
0.1645
0.13312
0.059347
0.20791
0.19328
0.59666
0.59027
0.24404
0.097142
0.034828
0.16521
0.14173
0.075258
0.2372
0.14673
0.21321
0.10073
0.14364
0.24327
0.1607
0.097539
0.060842
0.12374
0.13687
0.063242
0.025057
0.026103
0.067241
0.15771
0.25912
0.041177
0.071662
0.34796
0.13916
0.087349
0.8047
0.081972
0.2224
0.31723
0.12265
0.17847
0.090917
0.076149
0.39213
0.10812
0.33758
0.038845
0.061479
0.079939
0.073934
0.060583
0.1319
0.22402
0.12332
0.17795
0.086798
0.14523
0.082882
0.070953
0.15402
0.31643
0.067632
0.25029
0.2234
0.018494
0.23381
-0.059273
0.18871
0.052935
0.21965
0.098755
0.22513
0.17401
0.054861
0.42888
0.083973
0.062607
0.35141
0.24387
0.5601
0.040812
0.027696
-0.034769
0.12466
0.056092
0.094749
0.072077
0.088571
-0.088597
0.0030875
0.26158
0.083729
0.35285
0.097589
0.34194
0.053521
0.1586
0.35701
0.20505
0.35903
0.30285
0.11598
0.3699
0.13948
0.54754
0.045263
0.025292
0.16999
0.17438
0.39218
0.11415
0.25959
0.44807
0.10036
0.32009
0.08291
0.26912
-0.0096091
0.20276
0.22231
0.21286
0.047716
0.026576
0.0098165
0.16623
0.067681
0.079742
0.32009
0.12167
0.052163
0.19567
0.093858
0.03822
-0.046557
0.039717
0.24289
0.16617
0.29959
0.10543
0.036993
0.052087
0.04248
0.30661
0.18935
0.063634
0.29461
0.090016
0.078834
0.056746
0.12032
0.12343
0.25851
0.19568
0.094021
0.12347
0.039838
0.0782
0.1087
0.0531
0.092816
0.18743
0.19143
0.21766
0.11711
0.12251
0.015473
0.079916
0.19889
0.22907
0.021157
0.1567
0.094021
0.19747
0.18265
0.054272
0.075303
0.16425
0.16794
0.067958
-0.11177
0.17
0.09821
0.14225
0.047763
0.28428
0.071251
0.078378
0.32116
0.12864
0.11129
0.26052
0.18958
0.12332
0.26189
0.12864
0.18958
0.23229
0.20111
0.1088
0.19715
0.19715
0.15402
0.18958
0.081284
0.26989
0.18958
0.14751
0.010783
0.15017
0.13557
0.21391
0.09586
0.0538
0.033103
0.087758
0.2179
0.17497
0.18958
0.15408
0.060933
0.14572
0.11287
-0.0056806
0.083893
0.083893
0.27465
0.087758
0.10173
0.20909
0.048015
0.38011
0.094413
0.083893
0.36646
0.09429
0.024759
0.020968
0.094021
0.13589
0.01255
0.35487
0.30784
0.11129
0.52521
0.087665
0.34096
0.031422
0.18958
0.14592
0.16024
0.053031
0.2045
0.064949
0.11745
0.07049
0.21766
0.32292
0.031422
0.4336
0.011977
0.059719
0.20802
0.23769
0.081711
0.059719
0.059719
0.22752
0.20193
0.11129
0.11872
0.017815
0.11686
0.45689
0.051885
0.15373
0.05149
0.12332
0.0823
0.10226
0.14272
0.09429
0.18958
0.23043
-0.11873
0.22893
-0.11873
0.19408
0.056207
0.23123
0.24827
0.38169
0.0022059
0.048054
0.0072297
0.18574
0.22893
0.089568
0.3189
0.26052
0.1353
0.23769
0.047382
0.037732
0.10865
0.11027
0.25283
0.11518
0.24785
0.19715
0.084571
0.11181
0.10494
0.1521
0.059132
0.24686
0.16662
0.21391
0.10377
0.09056
0.07504
0.23123
0.0059163
0.15768
0.21397
0.13197
0.20597
0.096272
0.18123
0.094865
0.080535
0.1755
0.23604
0.15531
0.067393
0.19087
0.12255
0.29096
0.1203
0.11427
0.18265
0.044028
0.24892
0.2277
0.29781
-0.19465
0.16116
0.10831
0.059918
0.16652
0.079004
0.097446
0.27364
0.75458
0.0657
0.042284
0.16122
0.044047
0.080406
0.11414
0.41476
0.038507
0.11346
0.027383
0.21391
0.37652
0.13307
0.10857
0.010783
-0.0037059
0.24308
0.23423
0.18452
0.15809
0.21391
0.034083
0.18943
0.093725
0.031333
0.15899
0.24016
0.23713
0.089582
0.088468
0.16394
0.18357
0.06629
0.073847
0.083353
0.083353
0.227
0.14117
0.20029
0.014722
0.061695
0.20773
0.078567
0.078567
0.078567
0.15613
0.28851
0.11964
0.1024
0.19407
0.27398
0.053422
0.069578
0.053422
0.14503
0.048518
0.2207
0.18608
0.028821
0.10544
0.053293
0.19717
0.10748
0.10077
0.029793
0.072857
0.49521
0.09532
0.2045
0.13668
0.071655
0.32769
0.050954
0.087546
0.23218
0.087546
0.17423
0.14122
0.10719
0.010783
0.14749
0.10295
0.042196
0.33856
0.075542
0.10719
0.067507
0.22276
0.41736
0.0829
0.15662
0.11167
0.21049
0.16057
0.12041
0.082088
0.14501
0.067229
0.054825
0.12884
0.24016
0.1202
0.16901
0.27092
0.13891
0.24016
0.23186
0.10968
0.35981
-0.31195
0.12112
0.11046
0.2277
0.19723
0.21391
0.046478
0.11234
0.041374
0.08409
0.12532
0.079808
0.071747
-0.0077893
0.036021
0.078539
0.090013
0.23787
0.1425
0.058798
0.036122
0.11893
0.11493
0.054629
0.060995
0.15531
0.07059
0.072852
0.11864
0.23397
-0.035837
0.072852
0.054629
0.13813
0.2178
0.018474
0.087835
0.023603
0.31881
0.13804
-0.0056806
0.15531
0.2933
0.16203
0.29447
0.16873
0.49521
0.19999
0.17344
0.29063
0.22964
0.11827
0.10628
0.13804
0.037485
0.062256
0.11867
0.14424
0.27192
0.1403
0.13127
0.21049
0.063634
0.15531
0.29369
0.13455
0.1516
0.12252
0.24887
0.14623
0.08307
0.14475
0.22784
0.026435
0.1974
0.16857
0.12209
0.10814
0.13815
0.064582
0.1974
0.14624
0.34096
0.12972
0.082036
0.16542
0.16042
0.028799
0.081464
0.12036
0.23767
0.18339
0.10158
0.13461
0.045377
0.058145
0.20005
0.14624
0.082036
0.073795
0.096979
0.058045
-0.0016873
-0.0094786
0.18357
0.10097
0.17349
0.10254
0.082249
0.23217
0.30654
-0.090035
0.12466
0.16657
0.022741
0.051513
0.20239
-0.0017122
0.15057
0.2887
0.048855
0.02608
0.15035
0.086414
0.11616
0.42411
0.080415
0.14832
0.075878
0.053092
0.094302
0.17081
0.23247
0.33117
0.13312
0.040019
0.22645
0.022728
0.16149
0.27653
-0.11694
0.17095
0.21365
0.40324
0.075355
0.079183
0.09422
0.27559
0.095959
0.15314
0.020457
0.11315
0.034679
0.0807
0.2224
0.26558
0.11868
0.2224
0.24133
0.2354
0.28297
0.032815
0.08676
0.045062
0.073934
0.31403
0.065291
0.085134
0.18832
0.45971
0.069151
0.14436
0.033942
0.13018
0.099753
0.13648
0.06418
0.18832
0.15659
0.061617
0.028012
0.43704
0.28605
-0.1041
0.21445
0.14491
0.15074
0.10221
0.35021
0.10557
0.1183
0.24019
0.5997
0.020641
-0.069131
0.27032
0.0018502
0.12362
0.18334
0.60033
0.13668
0.30029
0.051905
0.25844
0.09392
0.12558
0.043968
0.27163
0.83929
0.10606
0.1811
0.14749
0.15569
0.044625
0.10566
0.073425
0.089086
0.13373
0.09391
0.087243
0.030152
0.10839
0.48537
0.13493
0.23965
0.098331
0.13763
0.23376
0.19891
0.017212
0.070612
0.035109
0.12858
-0.097385
0.14441
0.18626
0.05546
0.10229
0.10909
0.13278
-0.21414
0.10597
0.14956
0.014391
0.066652
0.2126
0.19573
0.065869
0.38563
0.036902
0.30029
0.47154
0.098134
0.039865
0.094458
0.41075
0.52182
0.12424
0.3126
0.057258
0.074347
0.14457
0.10078
0.082485
0.23598
0.41153
0.17019
0.23555
0.13207
0.07272
0.21864
0.11871
0.24599
0.043942
0.13064
0.095412
0.10387
0.035092
0.17717
0.053296
0.12477
0.073638
0.080346
0.13873
0.075912
0.093881
0.083068
0.066873
0.041418
0.15968
0.15207
0.097093
0.17095
0.17502
0.2164
0.079815
0.093526
0.16464
0.024041
0.23825
0.11933
0.21481
0.12862
0.097142
0.024759
0.17043
0.10559
0.17095
0.049632
0.24116
0.13153
0.13541
0.20436
0.099092
0.29471
0.15416
0.044054
0.09372
0.22552
0.21248
0.07633
0.0065437
0.16887
0.1271
0.17339
0.15314
0.1895
0.29303
0.19611
0.040737
0.14298
0.051512
0.1125
0.11938
0.016062
0.21411
0.056967
0.17755
0.088658
0.17755
0.45971
0.10705
0.054319
0.1877
0.042766
0.073126
0.096397
0.046444
0.020378
0.043002
0.0098602
0.3986
0.03382
0.10812
-0.0059266
0.038845
0.057875
0.091271
0.025285
0.11383
0.30469
0.085814
0.21416
0.30102
0.035378
0.2733
0.086584
0.21397
0.076822
0.079884
0.060381
0.32392
0.16557
0.11822
0.096331
0.20429
0.15546
0.047761
0.046221
0.049309
0.096715
0.051886
0.058541
0.083266
0.18871
0.21384
0.10294
0.18736
0.13347
0.076102
0.21423
0.23593
0.070664
0.084015
0.45546
0.041089
0.12092
0.14452
0.15316
0.033626
0.097441
0.026564
0.024938
0.069839
0.079206
0.43947
0.23247
0.13402
0.027405
0.24677
0.32765
0.088658
0.12057
0.07272
0.17061
0.018063
0.067416
0.10965
0.095553
0.13107
0.22403
0.12773
0.19453
0.021688
0.1202
0.17639
0.099397
0.058877
0.11988
0.12967
0.072669
0.067182
0.07942
0.4889
0.061815
0.075689
0.0824
0.034892
0.10082
0.13765
0.16606
0.17815
0.26219
0.1055
0.093233
0.18809
0.082834
0.23791
0.090336
0.15245
0.48952
0.072465
0.16139
0.43445
0.12098
0.16064
0.28082
0.013782
0.02204
0.23404
0.080702
0.071579
0.33514
0.10929
0.083185
0.055388
0.012393
0.1897
0
0.10463
0.012393
0.11164
0.038454
0.068813
0.07079
0.1861
0.33729
0.056664
0.12351
0.072602
-0.013331
0.045654
0.1455
0.088365
0.11901
0.045135
0.19339
0.2
0.071371
0.1244
0.14803
0.025554
0.18109
0.19339
0.073638
0.026884
0.089536
0.010135
0.052942
0.2163
0.087356
0.62626
0.082926
0.095211
0.098042
0.11194
0.086872
0.1194
0.040166
0.1423
0.17683
0.16022
0.22782
0.071947
0.025565
0.030417
0.14344
0.023362
0.075828
0.059397
0.16276
0.053763
0.19066
0.016456
0.11663
0.094888
