0.011087,0.030188,0.045439,0.071862,0.11478,0.72664
0.0026484,0.020039,0.050425,0.13669,0.27743,0.51277
0.028105,0.07219,0.07963,0.12949,0.2022,0.48838
0.0017063,0.010112,0.024523,0.078987,0.22718,0.6575
0.010371,0.052175,0.063331,0.10921,0.19588,0.56904
0.010581,0.065308,0.10655,0.1881,0.27588,0.35358
0.036608,0.024717,0.031384,0.071321,0.16338,0.67259
0.0072982,0.043992,0.078429,0.17866,0.30066,0.39096
0.018446,0.041076,0.058988,0.10724,0.20024,0.57401
0.0019327,0.01551,0.030786,0.10078,0.24638,0.60461
0.0039746,0.013161,0.015304,0.023674,0.073007,0.87088
0.023565,0.0056364,0.010076,0.05558,0.15008,0.75506
0.010084,0.053627,0.10332,0.17976,0.26318,0.39003
0.0086083,0.054355,0.077147,0.13566,0.23992,0.48431
0.34074,0.018688,0.028534,0.048233,0.094986,0.46882
0.030192,0.068535,0.082646,0.11735,0.21961,0.48168
0.0075408,0.0096191,0.025902,0.095253,0.21404,0.64765
0.0087498,0.038594,0.068777,0.12586,0.37252,0.3855
0.11538,0.048686,0.026654,0.03827,0.14186,0.62914
0.00034773,0.0054181,0.019897,0.074349,0.16673,0.73326
0.014556,0.070071,0.086463,0.1189,0.20107,0.50894
0.018559,0.064532,0.085165,0.15725,0.27878,0.39571
0.014107,0.035917,0.05169,0.10161,0.18359,0.61308
0.0061297,0.03077,0.036491,0.0922,0.17134,0.66306
0.031942,0.10748,0.091853,0.09738,0.15408,0.51727
0.014726,0.017609,0.026084,0.10793,0.35316,0.48049
0.01042,0.024333,0.034813,0.074495,0.14478,0.71116
0.025518,0.077551,0.092039,0.10892,0.13069,0.56528
0.011059,0.031202,0.052394,0.096308,0.18352,0.62551
0.011451,0.03244,0.044614,0.13504,0.28828,0.48817
0.00093806,0.011972,0.022942,0.043191,0.10271,0.81824
0.015086,0.027636,0.039576,0.089204,0.22789,0.60061
0.020323,0.014879,0.043248,0.099599,0.1511,0.67085
0.029043,0.071292,0.097012,0.15223,0.25083,0.39959
0.0055353,0.030928,0.065442,0.1552,0.2701,0.47279
0.010084,0.053627,0.10332,0.17976,0.26318,0.39003
0.042285,0.087939,0.078049,0.086637,0.13018,0.57492
0.00018599,0.031918,0.076977,0.17965,0.23816,0.47311
0.0024058,0.011697,0.032391,0.14774,0.30542,0.50034
0.0043102,0.022,0.067524,0.14701,0.20256,0.5566
0.0011443,0.013121,0.021361,0.059874,0.19359,0.71091
0.048144,0.096721,0.066921,0.078332,0.14896,0.56092
0.0077794,0.045552,0.068341,0.11844,0.20111,0.55878
0.00034773,0.0054181,0.019897,0.074349,0.16673,0.73326
0.012563,0.079743,0.12168,0.20745,0.24938,0.32919
0.0037482,0.021458,0.034372,0.074272,0.14582,0.72033
0.16935,0.051367,0.057933,0.086228,0.12871,0.50641
0.0059518,0.020552,0.04419,0.10932,0.22441,0.59558
0.010808,0.036511,0.052398,0.12479,0.22439,0.5511
0.018171,0.06661,0.071834,0.098775,0.17699,0.56762
0.050978,0.048734,0.039463,0.064689,0.12765,0.66848
0.0053574,0.024664,0.026011,0.066169,0.1349,0.7429
0.0021106,0.024127,0.038743,0.09212,0.23742,0.60548
0.015725,0.066545,0.098888,0.17025,0.26999,0.3786
0.0028384,0.034918,0.0586,0.1149,0.20815,0.58059
0.015462,0.064726,0.070763,0.14242,0.22082,0.48582
0.0080543,0.036249,0.072404,0.11861,0.22709,0.53759
0.36684,0.054872,0.0091541,0.015692,0.049701,0.50374
0.083017,0.084593,0.058378,0.078844,0.14532,0.54985
0.0014516,0.014087,0.023557,0.037684,0.065793,0.85743
0.017338,0.05095,0.064366,0.10868,0.21752,0.54115
0.030268,0.032415,0.047283,0.071337,0.14818,0.67051
0.06285,0.026051,0.038295,0.086948,0.18903,0.59682
0.017419,0.055349,0.039928,0.063501,0.11385,0.70995
0.0031983,0.027232,0.054791,0.11696,0.25313,0.54469
0.038586,0.057917,0.04795,0.084712,0.14005,0.63078
0.029783,0.045977,0.057844,0.084785,0.1484,0.63321
0.016262,0.036208,0.031546,0.0511,0.16112,0.70377
0.0074236,0.047643,0.084053,0.16203,0.24301,0.45584
0.07107,0.13444,0.14149,0.18751,0.23865,0.22684
0.077576,0.033471,0.050554,0.09531,0.19459,0.5485
0.0070637,0.041238,0.08656,0.1638,0.24759,0.45374
0.0078562,0.015919,0.044614,0.096341,0.22253,0.61274
0.0028586,0.013586,0.033847,0.11775,0.256,0.57597
0.0083414,0.030507,0.052697,0.10128,0.20363,0.60355
0.027001,0.027005,0.041962,0.11301,0.20233,0.58869
0.0041121,0.023083,0.043405,0.078987,0.12758,0.72283
0.039253,0.086677,0.073803,0.14586,0.18263,0.47179
0.0057982,0.030564,0.049001,0.12443,0.25393,0.53628
0.019659,0.04161,0.053372,0.094881,0.1888,0.60167
0.027042,0.054229,0.059073,0.078134,0.11517,0.66635
0.011859,0.10776,0.12538,0.18183,0.15666,0.41652
0.0039827,0.058871,0.072873,0.095172,0.14385,0.62525
0.011148,0.07392,0.079549,0.17279,0.14146,0.52114
0.048318,0.078368,0.080669,0.11603,0.17669,0.49993
0.0026605,0.029913,0.050655,0.1034,0.19458,0.61879
0.0094655,0.029985,0.041347,0.088852,0.19422,0.63613
0.025437,0.035003,0.051419,0.11883,0.19773,0.57158
0.0017912,0.025748,0.04161,0.088266,0.24219,0.60039
0.022873,0.05034,0.060359,0.11267,0.19672,0.55703
0.012146,0.023759,0.036087,0.043138,0.072044,0.81283
0.011293,0.12291,0.10584,0.059312,0.11496,0.58569
0.025865,0.054909,0.069453,0.11288,0.17806,0.55884
0.038007,0.068927,0.10938,0.12635,0.17082,0.48651
0.014819,0.051989,0.070063,0.113,0.19205,0.55808
0.0006712,0.012854,0.02447,0.059259,0.13217,0.77057
0.00131,0.0055636,0.016739,0.0478,0.17248,0.75611
0.017621,0.062324,0.044428,0.061087,0.15606,0.65848
0.030252,0.060982,0.061908,0.10692,0.18478,0.55516
0.085966,0.026971,0.11798,0.1795,0.15522,0.43437
0.054905,0.08411,0.08151,0.13039,0.20141,0.44768
0.16858,0.096224,0.051929,0.060792,0.14388,0.47859
0.018171,0.06661,0.071834,0.098775,0.17699,0.56762
0.0026484,0.020039,0.050425,0.13669,0.27743,0.51277
0.0038007,0.022849,0.057994,0.13867,0.28374,0.49295
0.083467,0.10537,0.087587,0.077992,0.13732,0.50826
0.00051755,0.013905,0.074834,0.19773,0.31604,0.39698
0.0090814,0.074923,0.06961,0.074329,0.14463,0.62743
0.0014839,0.017172,0.055434,0.077838,0.16038,0.68769
0.072344,0.079723,0.071519,0.097271,0.13696,0.54218
0.0016982,0.051828,0.11271,0.18511,0.18816,0.46049
0.085966,0.026971,0.11798,0.1795,0.15522,0.43437
0.00095423,0.022574,0.11708,0.16439,0.21344,0.48157
0.036887,0.049931,0.052139,0.087126,0.14372,0.63019
0.0015769,0.0093927,0.014952,0.035885,0.15192,0.78628
0.036515,0.025485,0.038238,0.074927,0.16443,0.6604
0.085966,0.026971,0.11798,0.1795,0.15522,0.43437
0.11713,0.019748,0.025267,0.048176,0.12603,0.66365
0.012263,0.040656,0.045261,0.075797,0.20344,0.62258
0.0011847,0.0038412,0.013594,0.079674,0.24428,0.65743
0.0034045,0.022578,0.057314,0.134,0.22113,0.56158
0.11693,0.026043,0.024017,0.050833,0.16806,0.61412
0.020908,0.066287,0.080572,0.10571,0.18576,0.54077
0.0059518,0.020552,0.04419,0.10932,0.22441,0.59558
0.0024745,0.014334,0.025368,0.073827,0.15969,0.72431
0.0052806,0.037672,0.056029,0.087187,0.13855,0.67528
0.016133,0.032039,0.047105,0.087773,0.15611,0.66084
0.0055079,0.018934,0.044186,0.095536,0.19833,0.63751
0.037029,0.076573,0.071478,0.11614,0.18246,0.51632
0.0037482,0.018179,0.028809,0.075352,0.16881,0.7051
0.010226,0.038428,0.044857,0.090797,0.26281,0.55289
0.022829,0.039067,0.0489,0.083895,0.19273,0.61258
0.00072376,0.013683,0.024224,0.063489,0.13628,0.7616
0.0042374,0.02701,0.037975,0.1052,0.24117,0.5844
0.038549,0.018607,0.026638,0.063412,0.17027,0.68252
0.01847,0.089269,0.09643,0.13784,0.22422,0.43377
0.041064,0.10693,0.07796,0.096434,0.1578,0.5198
0.01179,0.030204,0.039455,0.066752,0.16677,0.68503
0.062866,0.0097809,0.019351,0.06213,0.14866,0.69721
0.067775,0.10711,0.078271,0.14361,0.22799,0.37525
0.016574,0.056352,0.082383,0.1294,0.24133,0.47396
0.004387,0.023484,0.063149,0.15193,0.20953,0.54752
0.010945,0.042208,0.057456,0.1171,0.15256,0.61973
0.0072982,0.043992,0.078429,0.17866,0.30066,0.39096
0.0068818,0.024478,0.043988,0.085864,0.16599,0.6728
0.01171,0.049341,0.089354,0.18536,0.30648,0.35776
0.075425,0.1142,0.10373,0.13122,0.19802,0.3774
0.038549,0.018607,0.026638,0.063412,0.17027,0.68252
0.003918,0.019388,0.038327,0.078,0.19142,0.66894
0.0050057,0.027462,0.053946,0.10083,0.19697,0.61579
0.009049,0.033653,0.03804,0.080297,0.23438,0.60458
0.016557,0.04903,0.06154,0.11183,0.18588,0.57517
0.0079654,0.020714,0.025813,0.047881,0.10922,0.78841
0.16935,0.051367,0.057933,0.086228,0.12871,0.50641
0.0073468,0.0504,0.070459,0.11367,0.18455,0.57357
0.058568,0.085375,0.092787,0.13339,0.19421,0.43566
0.010165,0.059773,0.07014,0.11086,0.19861,0.55045
0.012421,0.047416,0.061564,0.099183,0.1815,0.59791
0.012935,0.06792,0.055321,0.063485,0.17134,0.629
0.0072861,0.026997,0.04231,0.070463,0.18757,0.66537
0.01384,0.058196,0.082549,0.15353,0.23623,0.45565
0.038177,0.14134,0.16437,0.15135,0.21754,0.28722
0.020835,0.056643,0.064851,0.12054,0.22544,0.51169
0.0056849,0.024567,0.070378,0.19613,0.30305,0.40019
0.0429,0.045104,0.061439,0.12181,0.2286,0.50015
0.017596,0.065099,0.08386,0.14998,0.23362,0.44984
0.020769,0.070567,0.099471,0.14281,0.21911,0.44727
0.00023451,0.010315,0.028493,0.11785,0.28263,0.56048
0.0079654,0.020714,0.025813,0.047881,0.10922,0.78841
0.0019974,0.025279,0.057969,0.10787,0.21026,0.59662
0.023953,0.068915,0.071276,0.10097,0.18684,0.54804
0.0052361,0.050384,0.074802,0.13888,0.23775,0.49294
0.022392,0.043992,0.059591,0.10241,0.1669,0.60472
0.017965,0.038727,0.048455,0.085848,0.19089,0.61812
0.067847,0.055632,0.049054,0.055519,0.099284,0.67266
0.0011847,0.0038412,0.013594,0.079674,0.24428,0.65743
0.039253,0.086677,0.073803,0.14586,0.18263,0.47179
0.0043102,0.022,0.067524,0.14701,0.20256,0.5566
0.065526,0.056522,0.068595,0.15009,0.17631,0.48295
0.0091501,0.043551,0.08958,0.1935,0.30977,0.35445
0.0058669,0.035096,0.083261,0.12158,0.23312,0.52108
0.0063764,0.027297,0.041436,0.10433,0.20709,0.61347
0.0019974,0.025279,0.057969,0.10787,0.21026,0.59662
0.0021551,0.026581,0.059482,0.11103,0.22003,0.58071
0.011843,0.035319,0.051714,0.093191,0.19925,0.60868
0.001213,0.016845,0.043094,0.14594,0.27519,0.51772
0.0066553,0.02128,0.030531,0.072517,0.18039,0.68863
0.08417,0.11765,0.098427,0.13994,0.20205,0.35776
0.0060852,0.023836,0.038707,0.07145,0.14362,0.7163
0.0014839,0.017172,0.055434,0.077838,0.16038,0.68769
0.003546,0.032553,0.072267,0.18245,0.33757,0.37162
0.22236,0.047141,0.057703,0.11721,0.19255,0.36304
0.030871,0.087619,0.091562,0.11944,0.15891,0.5116
0.0023451,0.016929,0.031053,0.06695,0.1683,0.71443
0.0083414,0.030507,0.052697,0.10128,0.20363,0.60355
0.065526,0.056522,0.068595,0.15009,0.17631,0.48295
0.00044477,0.091008,0.28107,0.34426,0.21021,0.073019
0.033083,0.017965,0.026763,0.062821,0.17115,0.68822
0.00023856,0.0058831,0.024321,0.092888,0.21486,0.66181
0.011722,0.047724,0.051884,0.086374,0.16899,0.63331
0.0052887,0.046551,0.066177,0.11764,0.24262,0.52172
0.008212,0.023743,0.033394,0.062967,0.15674,0.71494
0.063739,0.081105,0.090757,0.12574,0.20308,0.43558
0.0029072,0.032339,0.067969,0.13785,0.21507,0.54386
0.0021106,0.024127,0.038743,0.09212,0.23742,0.60548
0.036705,0.13311,0.11935,0.10911,0.1147,0.48702
0.20932,0.034292,0.040834,0.083236,0.15837,0.47395
0.00095019,0.0036269,0.014087,0.08261,0.25966,0.63907
0.020819,0.03876,0.04512,0.070205,0.19286,0.63224
0.027697,0.089059,0.074163,0.10359,0.2217,0.48379
0.02781,0.056914,0.07496,0.1545,0.22305,0.46276
0.12531,0.063068,0.052644,0.078914,0.22521,0.45486
0.00080058,0.01304,0.026807,0.080074,0.22935,0.64992
0.0028101,0.014406,0.016258,0.028445,0.072437,0.86564
0.0018438,0.0053453,0.013747,0.05843,0.11325,0.80739
0.00044477,0.012458,0.069505,0.22889,0.35484,0.33386
0.011293,0.12291,0.10584,0.059312,0.11496,0.58569
0.0041646,0.0072255,0.017115,0.060788,0.2025,0.70821
0.0062914,0.039714,0.065353,0.096009,0.17368,0.61895
0.0074681,0.018345,0.028962,0.055414,0.1547,0.73511
0.022384,0.081275,0.068745,0.099252,0.15172,0.57663
0.0026241,0.02591,0.047052,0.1104,0.19871,0.61531
0.020508,0.061483,0.06824,0.1131,0.19909,0.53759
0.032909,0.068814,0.077968,0.13354,0.24445,0.44232
0.037158,0.074911,0.073512,0.11999,0.1892,0.50522
0.044541,0.022885,0.046596,0.098751,0.17264,0.61458
0.0011847,0.02029,0.050918,0.13727,0.28672,0.50362
0.059215,0.10034,0.07815,0.12128,0.14726,0.49376
0.0043102,0.022,0.067524,0.14701,0.20256,0.5566
0.013379,0.03584,0.045544,0.084538,0.18612,0.63458
0.018066,0.047137,0.067872,0.1032,0.19674,0.56699
0.036018,0.10262,0.093138,0.10404,0.15293,0.51126
0.039787,0.090025,0.10155,0.14506,0.20687,0.4167
0.051917,0.063072,0.063432,0.098213,0.15528,0.56809
0.0020176,0.015381,0.043664,0.11845,0.23401,0.58648
0.039787,0.090025,0.10155,0.14506,0.20687,0.4167
0.052786,0.049636,0.053126,0.12352,0.16318,0.55775
0.0092916,0.053445,0.054298,0.085327,0.21013,0.58751
0.018757,0.043951,0.03451,0.064059,0.14926,0.68946
0.0028101,0.0127,0.021211,0.053797,0.15834,0.75114
0.0027899,0.011556,0.025206,0.053421,0.15458,0.75245
0.0022683,0.013173,0.022663,0.053558,0.16047,0.74787
0.036608,0.024717,0.031384,0.071321,0.16338,0.67259
0.014512,0.058968,0.073605,0.11036,0.1562,0.58635
0.036305,0.048569,0.062773,0.133,0.23911,0.48024
0.021337,0.0414,0.062914,0.10806,0.15831,0.60799
0.023366,0.058014,0.052151,0.076063,0.14485,0.64555
0.011916,0.010424,0.056053,0.14279,0.23207,0.54675
0.014875,0.022784,0.026642,0.053275,0.13435,0.74808
0.042217,0.075105,0.088234,0.11556,0.17972,0.49916
0.004387,0.023484,0.063149,0.15193,0.20953,0.54752
0.010246,0.030236,0.047534,0.09239,0.15137,0.66822
0.11713,0.019748,0.025267,0.048176,0.12603,0.66365
0.021397,0.05522,0.095621,0.13736,0.20558,0.48481
0.015979,0.048278,0.056821,0.095011,0.1709,0.61301
0.011131,0.066194,0.072509,0.11172,0.17865,0.5598
0.083232,0.051092,0.098168,0.11108,0.17882,0.47761
0.047194,0.11261,0.11304,0.13339,0.16368,0.43008
0.0028384,0.034918,0.0586,0.1149,0.20815,0.58059
0.016088,0.048641,0.058887,0.099377,0.17417,0.60284
0.0098213,0.048916,0.066938,0.12914,0.20902,0.53616
0.011532,0.027042,0.035824,0.08157,0.17861,0.66543
0.11534,0.028898,0.037373,0.099106,0.20414,0.51514
0.021648,0.051007,0.04423,0.059328,0.069958,0.75383
0.0042213,0.029525,0.07147,0.13456,0.2037,0.55653
0.004848,0.028874,0.072036,0.16455,0.24096,0.48874
0.025877,0.09704,0.11655,0.19082,0.26769,0.30202
0.023127,0.03986,0.041077,0.085182,0.15033,0.66042
0.0043587,0.019913,0.037724,0.11638,0.26965,0.55197
0.0088792,0.019465,0.033038,0.10703,0.2318,0.59979
0.014107,0.035917,0.05169,0.10161,0.18359,0.61308
0.0021228,0.027426,0.053667,0.099179,0.18758,0.63003
0.017192,0.046361,0.054743,0.090672,0.1619,0.62913
0.018235,0.057201,0.10483,0.14419,0.18927,0.48627
0.0059518,0.02371,0.037247,0.081312,0.20186,0.64992
0.0030527,0.015389,0.029015,0.094675,0.30313,0.55473
0.037728,0.090781,0.097121,0.13723,0.2128,0.42434
0.0021632,0.026864,0.038529,0.08808,0.18048,0.66388
0.0062227,0.023872,0.049301,0.090061,0.15554,0.67501
0.013662,0.054375,0.093591,0.17359,0.26514,0.39964
0.035286,0.092031,0.10576,0.18848,0.2563,0.32215
0.031457,0.030564,0.029367,0.06158,0.15788,0.68916
0.0062834,0.05425,0.08791,0.18757,0.25993,0.40405
0.029019,0.061548,0.0705,0.11311,0.16436,0.56146
0.024199,0.073112,0.096446,0.16855,0.23503,0.40266
0.0052119,0.032678,0.061993,0.14317,0.23389,0.52306
0.031825,0.028752,0.041525,0.080042,0.17391,0.64395
0.069157,0.095087,0.10133,0.1193,0.14775,0.46737
0.010606,0.02931,0.047396,0.072416,0.12038,0.71989
0.0034409,0.014702,0.019853,0.036803,0.07462,0.85058
0.0772,0.10094,0.085246,0.11525,0.14528,0.47608
0.020508,0.061483,0.06824,0.1131,0.19909,0.53759
0.0006995,0.0083778,0.021947,0.059231,0.13718,0.77257
0.016998,0.056267,0.073338,0.13447,0.25581,0.46312
0.0095787,0.057622,0.090603,0.14207,0.1903,0.50982
0.0027333,0.029775,0.051031,0.11038,0.22824,0.57784
0.065725,0.079686,0.045573,0.037777,0.049806,0.72143
0.0056364,0.017993,0.063852,0.14265,0.2451,0.52477
0.0058871,0.034979,0.047275,0.084275,0.17193,0.65565
0.0048844,0.022659,0.041711,0.096967,0.1944,0.63938
0.044897,0.10816,0.11615,0.1312,0.18197,0.41762
0.025538,0.11676,0.10089,0.10632,0.11532,0.53519
0.0041889,0.018733,0.033778,0.098019,0.24523,0.60005
0.020843,0.072974,0.098908,0.1546,0.20657,0.44611
0.0038007,0.022849,0.057994,0.13867,0.28374,0.49295
0.14818,0.14176,0.16815,0.21451,0.221,0.1064
0.0002426,0.0053857,0.020637,0.074357,0.16626,0.73312
0.0064977,0.053752,0.093171,0.16587,0.26207,0.41863
0.010949,0.028065,0.041222,0.073763,0.16008,0.68592
0.0065826,0.037195,0.042605,0.079165,0.15134,0.68311
0.0078724,0.05526,0.12721,0.1556,0.19275,0.46131
0.0068696,0.077754,0.17704,0.30976,0.21045,0.21812
0.01158,0.040433,0.055645,0.10469,0.20605,0.5816
0.01323,0.061212,0.083847,0.15398,0.23561,0.45211
0.048459,0.10096,0.11574,0.14076,0.16871,0.42537
0.078081,0.073508,0.065462,0.11125,0.17382,0.49788
0.045006,0.083471,0.08861,0.12058,0.19656,0.46577
0.025477,0.045702,0.043988,0.059716,0.077216,0.7479
0.048459,0.10096,0.11574,0.14076,0.16871,0.42537
0.052887,0.092601,0.078962,0.098819,0.15464,0.52209
0.10958,0.11845,0.08206,0.08411,0.11112,0.49469
0.0073468,0.0504,0.070459,0.11367,0.18455,0.57357
0.00053372,0.010484,0.018256,0.065163,0.16312,0.74245
0.01384,0.058196,0.082549,0.15353,0.23623,0.45565
0.030713,0.077794,0.090385,0.13576,0.23577,0.42958
0.026092,0.062053,0.083463,0.14012,0.21436,0.47391
0.006712,0.040967,0.061815,0.12022,0.22678,0.54351
0.045447,0.027838,0.038638,0.15561,0.24813,0.48434
0.048856,0.098096,0.10158,0.12682,0.18183,0.44283
0.0073468,0.0504,0.070459,0.11367,0.18455,0.57357
0.011212,0.029452,0.036928,0.089811,0.22102,0.61158
0.012017,0.049284,0.060517,0.10298,0.184,0.5912
0.021992,0.024418,0.029929,0.073864,0.14682,0.70298
0.00071972,0.011924,0.022319,0.057371,0.1351,0.77257
0.026092,0.062053,0.083463,0.14012,0.21436,0.47391
0.028081,0.055681,0.076116,0.1146,0.17844,0.54708
0.0077268,0.0321,0.030649,0.069457,0.1469,0.71317
0.020245,0.036127,0.062991,0.098738,0.1504,0.6315
0.0087983,0.035557,0.057177,0.1076,0.17811,0.61276
0.01105,0.029601,0.05376,0.16381,0.28068,0.46109
0.017099,0.053833,0.071939,0.11324,0.16435,0.57954
0.0018438,0.0053453,0.013747,0.05843,0.11325,0.80739
0.054432,0.078214,0.073019,0.1173,0.18597,0.49107
0.012175,0.031142,0.05034,0.097311,0.15013,0.6589
0.083467,0.10537,0.087587,0.077992,0.13732,0.50826
0.0051795,0.047473,0.087397,0.10103,0.17608,0.58284
0.1357,0.28944,0.19512,0.1444,0.10728,0.12806
0.086916,0.092225,0.10306,0.1371,0.14408,0.43662
0.010929,0.042576,0.048043,0.07682,0.20141,0.62022
0.00054181,0.01638,0.055208,0.14639,0.29644,0.48505
0.0077349,0.023132,0.040684,0.080786,0.20218,0.64548
0.025253,0.025764,0.021961,0.025132,0.040439,0.86145
0.015377,0.033928,0.055552,0.10731,0.17929,0.60855
0.01384,0.058196,0.082549,0.15353,0.23623,0.45565
0.0049571,0.020742,0.037583,0.099802,0.22824,0.60867
0.059251,0.21075,0.17203,0.16031,0.17681,0.22085
0.049426,0.060197,0.079064,0.10943,0.1542,0.54769
0.077576,0.033471,0.050554,0.09531,0.19459,0.5485
0.10526,0.21952,0.19204,0.18406,0.12836,0.17077
0.0050137,0.18174,0.19862,0.21832,0.20907,0.18724
0.0041404,0.036944,0.072946,0.13953,0.27434,0.4721
0.040308,0.083394,0.095051,0.14222,0.22409,0.41494
0.016481,0.049143,0.07523,0.1215,0.20311,0.53454
0.034744,0.10772,0.11142,0.14463,0.203,0.39848
0.072344,0.079723,0.071519,0.097271,0.13696,0.54218
0.0070314,0.026896,0.063096,0.10233,0.16407,0.63657
0.005317,0.028744,0.047275,0.098714,0.18628,0.63367
0.0085436,0.027005,0.034773,0.070957,0.16714,0.69158
0.099656,0.14422,0.15185,0.17212,0.15846,0.2737
0.0094533,0.036293,0.060084,0.12263,0.2227,0.54885
0.016642,0.013549,0.0388,0.067872,0.24778,0.61536
0.0027899,0.054836,0.15543,0.16601,0.15443,0.4665
0.06285,0.026051,0.038295,0.086948,0.18903,0.59682
0.026545,0.075053,0.085416,0.13856,0.33866,0.33577
0.014467,0.074786,0.068442,0.10976,0.1937,0.53885
0.34074,0.018688,0.028534,0.048233,0.094986,0.46882
0.015227,0.031599,0.050352,0.083345,0.18616,0.63331
0.026739,0.070916,0.076549,0.12289,0.19837,0.50454
0.11534,0.028898,0.037373,0.099106,0.20414,0.51514
0.017952,0.055875,0.057387,0.091258,0.18352,0.594
0.016626,0.047606,0.057848,0.12065,0.17447,0.5828
0.0043102,0.022,0.067524,0.14701,0.20256,0.5566
0.0021632,0.012413,0.022833,0.056494,0.12474,0.78136
0.012749,0.038412,0.044331,0.077418,0.16505,0.66205
0.0050057,0.027462,0.053946,0.10083,0.19697,0.61579
0.010836,0.037906,0.050392,0.076278,0.091315,0.73327
0.0021632,0.012413,0.022833,0.056494,0.12474,0.78136
0.105,0.083907,0.065619,0.094283,0.13926,0.51193
0.01042,0.024333,0.034813,0.074495,0.14478,0.71116
0.016153,0.029557,0.042661,0.10187,0.22267,0.58709
0.37921,0.019327,0.026941,0.050053,0.10321,0.42125
0.04518,0.076443,0.099592,0.16772,0.25184,0.35922
0.023439,0.040336,0.040672,0.086774,0.20074,0.60804
0.015563,0.051104,0.08451,0.14036,0.14719,0.56127
0.0030649,0.032375,0.060501,0.097752,0.16913,0.63718
0.0052887,0.046551,0.066177,0.11764,0.24262,0.52172
0.037623,0.046826,0.050598,0.089483,0.15734,0.61813
0.020362,0.043353,0.056243,0.11358,0.20528,0.56118
0.014778,0.036091,0.051306,0.11937,0.18904,0.58941
0.004294,0.023164,0.038444,0.098233,0.17145,0.66441
0.0028384,0.034918,0.0586,0.1149,0.20815,0.58059
0.043705,0.059425,0.083495,0.14634,0.2435,0.42354
0.015619,0.024806,0.035771,0.08301,0.17504,0.66576
0.010945,0.042208,0.057456,0.1171,0.15256,0.61973
0.068215,0.15644,0.15777,0.18007,0.21126,0.22625
0.003542,0.036839,0.062005,0.14314,0.24953,0.50495
0.0015931,0.032541,0.039233,0.099495,0.29658,0.53056
0.13821,0.13717,0.093369,0.10682,0.13749,0.38694
0.038549,0.018607,0.026638,0.063412,0.17027,0.68252
0.0043102,0.022,0.067524,0.14701,0.20256,0.5566
0.054306,0.065587,0.082407,0.16674,0.31718,0.31378
0.023225,0.016254,0.011451,0.024398,0.094764,0.82991
0.017892,0.081862,0.10707,0.16509,0.18996,0.43814
0.0024664,0.014936,0.038671,0.087292,0.20539,0.65125
0.014273,0.036568,0.050853,0.085869,0.16764,0.6448
0.054905,0.08411,0.08151,0.13039,0.20141,0.44768
0.00094614,0.013727,0.027466,0.084579,0.22951,0.64377
0.02183,0.032654,0.026338,0.04905,0.1529,0.71722
0.0094978,0.035197,0.055244,0.12526,0.22614,0.54866
0.015057,0.055208,0.057092,0.11333,0.23715,0.52216
0.015979,0.048278,0.056821,0.095011,0.1709,0.61301
0.054905,0.08411,0.08151,0.13039,0.20141,0.44768
0.0034409,0.014702,0.019853,0.036803,0.07462,0.85058
0.010945,0.042208,0.057456,0.1171,0.15256,0.61973
0.0015729,0.03136,0.067645,0.10881,0.15605,0.63456
0.0083414,0.030507,0.052697,0.10128,0.20363,0.60355
0.0096879,0.047703,0.06452,0.11522,0.23714,0.52573
0.0073791,0.044877,0.051727,0.095965,0.18348,0.61657
0.0022683,0.013173,0.022663,0.053558,0.16047,0.74787
0.093903,0.058936,0.055248,0.087041,0.1794,0.52548
0.019994,0.036568,0.061641,0.099284,0.15035,0.63216
0.04106,0.12659,0.1242,0.154,0.19009,0.36407
0.05837,0.037975,0.041739,0.081587,0.17716,0.60317
0.0099951,0.035068,0.050861,0.096579,0.17956,0.62794
0.00317,0.014625,0.023512,0.089495,0.22092,0.64828
0.0073468,0.0504,0.070459,0.11367,0.18455,0.57357
0.0047469,0.066812,0.078267,0.14096,0.25325,0.45597
0.0023451,0.016929,0.031053,0.06695,0.1683,0.71443
0.01758,0.044117,0.062195,0.11927,0.22467,0.53216
0.0084385,0.035751,0.04161,0.074798,0.1603,0.6791
0.0018357,0.010278,0.026638,0.079828,0.16718,0.71424
0.092876,0.058394,0.061406,0.11826,0.19187,0.47719
0.008487,0.039415,0.046547,0.080281,0.17923,0.64604
0.021887,0.055689,0.059255,0.094784,0.13932,0.62906
0.027256,0.055192,0.064952,0.10304,0.18399,0.56557
0.012106,0.032876,0.053465,0.16692,0.29005,0.44459
0.011916,0.010424,0.056053,0.14279,0.23207,0.54675
0.011236,0.016287,0.016994,0.042564,0.12388,0.78904
0.0024745,0.020949,0.057472,0.13895,0.2845,0.49565
0.01158,0.040433,0.055645,0.10469,0.20605,0.5816
0.00018599,0.003077,0.027426,0.091084,0.25668,0.62154
0.0079533,0.032322,0.044267,0.070674,0.15943,0.68536
0.0026767,0.021474,0.031004,0.076241,0.20423,0.66437
0.0019812,0.011071,0.02794,0.096369,0.223,0.63964
0.010856,0.027584,0.098399,0.12936,0.17128,0.56252
0.0043102,0.022,0.067524,0.14701,0.20256,0.5566
0.027228,0.057472,0.04886,0.073694,0.14176,0.65098
0.0059599,0.009514,0.015907,0.027527,0.08335,0.85774
0.047344,0.065219,0.073819,0.10636,0.1545,0.55276
0.0049046,0.045455,0.086014,0.16611,0.24556,0.45195
0.050368,0.081934,0.080268,0.096777,0.11362,0.57703
0.011685,0.076516,0.090907,0.13279,0.20078,0.48732
0.0026282,0.013464,0.024252,0.056801,0.17665,0.7262
0.042524,0.084627,0.074761,0.11105,0.20051,0.48653
0.17956,0.032403,0.045581,0.093159,0.12467,0.52463
0.052887,0.092601,0.078962,0.098819,0.15464,0.52209
0.034255,0.060537,0.059227,0.090292,0.16717,0.58852
0.0030891,0.026929,0.037623,0.089851,0.20753,0.63498
0.010929,0.042576,0.048043,0.07682,0.20141,0.62022
0.005224,0.019485,0.060836,0.098617,0.19693,0.61891
0.0047469,0.031004,0.078008,0.19165,0.21951,0.47508
0.045079,0.063161,0.061572,0.10094,0.14821,0.58104
0.00035177,0.0022966,0.0041444,0.020484,0.12745,0.84528
0.0042172,0.014811,0.028453,0.063792,0.15723,0.73149
0.071644,0.12828,0.098051,0.12312,0.1776,0.40131
0.029019,0.061548,0.0705,0.11311,0.16436,0.56146
0.0023451,0.017233,0.03212,0.065874,0.2097,0.67273
0.0066553,0.028732,0.056041,0.10053,0.21738,0.59066
0.0043102,0.022,0.067524,0.14701,0.20256,0.5566
0.028975,0.10896,0.095188,0.10082,0.11306,0.553
0.015057,0.055208,0.057092,0.11333,0.23715,0.52216
0.059009,0.070447,0.06171,0.092977,0.1843,0.53155
0.030078,0.071414,0.077005,0.10841,0.15422,0.55888
0.011293,0.12291,0.10584,0.059312,0.11496,0.58569
0.054816,0.052386,0.047162,0.064702,0.11856,0.66237
0.01251,0.018899,0.029387,0.092148,0.22782,0.61923
0.010246,0.030236,0.047534,0.09239,0.15137,0.66822
0.01232,0.054836,0.07891,0.15307,0.2427,0.45816
0.0024098,0.021405,0.052806,0.1221,0.24052,0.56076
0.0090207,0.021397,0.029824,0.07574,0.1912,0.67282
0.0037967,0.026528,0.03884,0.072093,0.14656,0.71218
0.0060003,0.034676,0.061414,0.1369,0.24462,0.51639
0.0072982,0.043992,0.078429,0.17866,0.30066,0.39096
0.0002426,0.0053857,0.020637,0.074357,0.16626,0.73312
0.024891,0.027628,0.028906,0.061063,0.14587,0.71164
0.0045245,0.010064,0.013408,0.048904,0.16742,0.75568
0.0054262,0.039273,0.05668,0.10959,0.1924,0.59663
0.016052,0.065838,0.088695,0.13275,0.19449,0.50218
0.019404,0.05186,0.070229,0.12626,0.23454,0.49771
0.038007,0.068927,0.10938,0.12635,0.17082,0.48651
0.0014596,0.026634,0.042297,0.09068,0.20803,0.6309
0.020835,0.056643,0.064851,0.12054,0.22544,0.51169
0.0034813,0.023387,0.03821,0.098714,0.17231,0.6639
0.083232,0.051092,0.098168,0.11108,0.17882,0.47761
0.16935,0.051367,0.057933,0.086228,0.12871,0.50641
0.048459,0.10096,0.11574,0.14076,0.16871,0.42537
0.0011443,0.013121,0.021361,0.059874,0.19359,0.71091
0.033083,0.017965,0.026763,0.062821,0.17115,0.68822
0.0016012,0.0073063,0.02627,0.072974,0.18681,0.70503
0.1339,0.10643,0.057945,0.050469,0.091711,0.55954
0.013812,0.034866,0.04406,0.082456,0.13168,0.69313
0.0066836,0.017637,0.02914,0.081433,0.16349,0.70161
0.0074761,0.051807,0.070625,0.11357,0.18405,0.57247
0.022158,0.066691,0.092196,0.14546,0.27368,0.39982
0.00317,0.014625,0.023512,0.089495,0.22092,0.64828
0.085966,0.026971,0.11798,0.1795,0.15522,0.43437
0.0046458,0.029577,0.048294,0.099515,0.19878,0.61919
0.0073468,0.0504,0.070459,0.11367,0.18455,0.57357
0.011993,0.13246,0.10748,0.057007,0.11165,0.57941
0.095051,0.083483,0.066343,0.088278,0.15596,0.51088
0.17762,0.10469,0.087906,0.10256,0.12651,0.40072
0.010755,0.052652,0.07314,0.13059,0.23759,0.49528
0.0050057,0.027462,0.053946,0.10083,0.19697,0.61579
0.07031,0.12069,0.093227,0.12193,0.20073,0.39312
0.042217,0.075105,0.088234,0.11556,0.17972,0.49916
0.085966,0.026971,0.11798,0.1795,0.15522,0.43437
0.077576,0.033471,0.050554,0.09531,0.19459,0.5485
0.065526,0.056522,0.068595,0.15009,0.17631,0.48295
0.0029436,0.024826,0.034494,0.08358,0.23316,0.621
0.0077875,0.042827,0.07403,0.12291,0.19383,0.55862
0.010626,0.030665,0.046806,0.10063,0.20695,0.60432
0.062866,0.0097809,0.019351,0.06213,0.14866,0.69721
0.036705,0.13311,0.11935,0.10911,0.1147,0.48702
0.028243,0.091485,0.090943,0.12566,0.19076,0.47291
0.0083414,0.030507,0.052697,0.10128,0.20363,0.60355
0.17401,0.12022,0.10327,0.097368,0.1294,0.37574
0.00522,0.041101,0.057399,0.11292,0.20936,0.574
0.02722,0.070475,0.076249,0.10235,0.16713,0.55658
0.0061984,0.037255,0.054233,0.088578,0.18019,0.63355
0.0062187,0.032775,0.072259,0.13518,0.19594,0.55763
0.12578,0.26735,0.1806,0.15361,0.12808,0.14458
0.0011766,0.018389,0.046753,0.12606,0.2445,0.56313
0.046114,0.029759,0.051197,0.10697,0.15359,0.61237
0.034255,0.060537,0.059227,0.090292,0.16717,0.58852
0.0037482,0.015304,0.01843,0.028833,0.090745,0.84294
0.005317,0.028744,0.047275,0.098714,0.18628,0.63367
0.00088145,0.017334,0.046325,0.1108,0.22388,0.60078
0.01433,0.027628,0.02982,0.082141,0.18202,0.66406
0.096401,0.11566,0.11221,0.18023,0.22383,0.27166
0.0011928,0.018547,0.030483,0.067386,0.24525,0.63714
0.00076235,0.0088503,0.021123,0.074744,0.18669,0.70783
0.0092835,0.034368,0.053198,0.0765,0.11849,0.70816
0.044485,0.073334,0.07608,0.10962,0.15994,0.53654
0.002523,0.024907,0.033507,0.049288,0.09068,0.79909
0.0053453,0.034069,0.055317,0.12105,0.2119,0.57232
0.045564,0.17021,0.15206,0.22276,0.17358,0.23581
0.00032347,0.0051391,0.017031,0.059502,0.20072,0.71728
0.064055,0.024523,0.03772,0.075962,0.18624,0.6115
0.0043587,0.019913,0.037724,0.11638,0.26965,0.55197
0.0010594,0.0040393,0.0061459,0.04239,0.17518,0.77119
0.040328,0.074668,0.081789,0.12587,0.18372,0.49363
0.020577,0.032217,0.047105,0.072683,0.14855,0.67887
0.086916,0.092225,0.10306,0.1371,0.14408,0.43662
0.021414,0.055479,0.068005,0.11358,0.21356,0.52796
0.0009421,0.042997,0.056688,0.083131,0.13334,0.6829
0.025477,0.045702,0.043988,0.059716,0.077216,0.7479
0.012765,0.03267,0.050578,0.10238,0.20349,0.59811
0.01847,0.089269,0.09643,0.13784,0.22422,0.43377
0.0014313,0.028449,0.044853,0.063416,0.097477,0.76437
0.015725,0.066545,0.098888,0.17025,0.26999,0.3786
0.058147,0.10004,0.10268,0.14692,0.2376,0.35461
0.0047469,0.031004,0.078008,0.19165,0.21951,0.47508
0.010933,0.050667,0.057909,0.11428,0.21811,0.5481
0.017487,0.10059,0.08045,0.10704,0.18843,0.50601
0.00031942,0.0079088,0.020831,0.05313,0.16906,0.74875
0.14836,0.050817,0.058212,0.088489,0.12963,0.5245
0.065987,0.12316,0.10087,0.10591,0.17826,0.42581
0.0022683,0.013173,0.022663,0.053558,0.16047,0.74787
0.0028223,0.03698,0.071062,0.13664,0.25695,0.49555
0.01811,0.050477,0.073706,0.1221,0.21981,0.51579
0.0079047,0.014973,0.033362,0.044606,0.10704,0.79212
0.0077349,0.051856,0.14017,0.20886,0.27393,0.31744
0.00070354,0.0088954,0.014888,0.037963,0.11597,0.82158
0.054905,0.08411,0.08151,0.13039,0.20141,0.44768
0.014532,0.044533,0.055843,0.08941,0.14789,0.64779
0.0049005,0.049968,0.086807,0.16512,0.30697,0.38623
0.007929,0.030058,0.033552,0.07608,0.27795,0.57443
0.037199,0.042265,0.042536,0.074733,0.15175,0.65152
0.35089,0.034639,0.04554,0.077131,0.12817,0.36363
0.037365,0.10581,0.11597,0.16067,0.18664,0.39354
0.0050057,0.027462,0.053946,0.10083,0.19697,0.61579
0.0098577,0.096745,0.14666,0.17963,0.18449,0.38261
0.34754,0.033871,0.042346,0.092083,0.1326,0.35156
0.011471,0.026763,0.031481,0.077341,0.17421,0.67874
0.040543,0.043409,0.056328,0.105,0.19217,0.56255
0.045399,0.12435,0.10373,0.087373,0.14245,0.4967
0.026359,0.080309,0.096021,0.15011,0.19157,0.45563
0.0092835,0.034368,0.053198,0.0765,0.11849,0.70816
0.029876,0.059478,0.075012,0.11303,0.17896,0.54364
0.0073468,0.0504,0.070459,0.11367,0.18455,0.57357
0.0016133,0.014435,0.036281,0.10577,0.19841,0.64349
0.0033479,0.024264,0.051092,0.11896,0.24122,0.56112
0.023443,0.052014,0.070124,0.12042,0.1763,0.5577
0.00054181,0.01638,0.055208,0.14639,0.29644,0.48505
0.00092188,0.0061944,0.025416,0.069958,0.23098,0.66653
0.025441,0.052446,0.069873,0.12074,0.1773,0.55419
0.0072982,0.043992,0.078429,0.17866,0.30066,0.39096
0.00072376,0.013683,0.024224,0.063489,0.13628,0.7616
0.015725,0.066545,0.098888,0.17025,0.26999,0.3786
0.083232,0.051092,0.098168,0.11108,0.17882,0.47761
0.030503,0.054545,0.06403,0.098544,0.18564,0.56674
0.054905,0.08411,0.08151,0.13039,0.20141,0.44768
0.0043102,0.022,0.067524,0.14701,0.20256,0.5566
0.0016254,0.011596,0.043753,0.12862,0.29362,0.52078
0.070609,0.13431,0.14164,0.18782,0.23876,0.22686
0.025441,0.052446,0.069873,0.12074,0.1773,0.55419
0.021401,0.068785,0.088784,0.14987,0.2581,0.41306
0.0063197,0.022679,0.030689,0.080628,0.24896,0.61073
0.035145,0.099782,0.1002,0.13584,0.19557,0.43346
0.045399,0.12435,0.10373,0.087373,0.14245,0.4967
0.037365,0.10581,0.11597,0.16067,0.18664,0.39354
0.048358,0.1027,0.10132,0.13974,0.1892,0.41868
0.023953,0.068915,0.071276,0.10097,0.18684,0.54804
0.023755,0.048524,0.094396,0.19866,0.28215,0.35252
0.0039989,0.035112,0.066404,0.15206,0.25123,0.49119
0.059785,0.084995,0.086156,0.11573,0.15829,0.49505
0.036087,0.057488,0.055329,0.089427,0.18292,0.57875
0.0026848,0.044165,0.066566,0.13444,0.25594,0.49621
0.025586,0.058527,0.065619,0.12134,0.22356,0.50537
0.0073468,0.0504,0.070459,0.11367,0.18455,0.57357
0.0036835,0.028635,0.042775,0.077103,0.15552,0.69229
0.023803,0.050303,0.048561,0.089184,0.17592,0.61223
0.037158,0.074911,0.073512,0.11999,0.1892,0.50522
0.0075691,0.060197,0.076112,0.13081,0.21358,0.51173
0.001771,0.011038,0.02333,0.05993,0.18117,0.72276
0.0034732,0.016788,0.03713,0.093793,0.26237,0.58644
0.082444,0.14844,0.13223,0.13165,0.13585,0.36939
0.058895,0.074143,0.081344,0.12809,0.21931,0.43822
0.19967,0.0087417,0.016214,0.050093,0.11627,0.60902
0.06735,0.041562,0.041626,0.086127,0.17154,0.5918
0.057646,0.039908,0.038452,0.080353,0.21237,0.57127
0.0027818,0.0035298,0.0045932,0.014018,0.041974,0.9331
0.0018802,0.0053696,0.0091339,0.023977,0.066299,0.89334
0.015025,0.053396,0.059114,0.093029,0.18568,0.59376
0.17485,0.047226,0.053384,0.090486,0.16311,0.47094
0.0061944,0.033721,0.058034,0.15575,0.30269,0.4436
0.17485,0.047226,0.053384,0.090486,0.16311,0.47094
0.12553,0.031441,0.029589,0.054221,0.098738,0.66048
0.040373,0.072319,0.096737,0.15178,0.19487,0.44392
0.24248,0.12335,0.12574,0.12568,0.079108,0.30365
0.03299,0.054803,0.039564,0.061904,0.12889,0.68185
0.010763,0.046596,0.056635,0.10076,0.19616,0.58908
0.14723,0.13392,0.10955,0.13229,0.15745,0.31957
0.015223,0.049264,0.072408,0.13613,0.2459,0.48107
0.0081716,0.013679,0.032812,0.087955,0.17944,0.67795
0.027098,0.039605,0.074131,0.12367,0.21901,0.51648
0.087595,0.10121,0.077402,0.10408,0.16016,0.46955
0.036168,0.12532,0.14114,0.17527,0.21451,0.3076
0.0021349,0.0054343,0.022069,0.075663,0.19996,0.69474
0.0061338,0.010929,0.013371,0.032678,0.10637,0.83052
0.39981,0.12802,0.050251,0.045852,0.079197,0.29686
0.06887,0.12297,0.1021,0.12817,0.18263,0.39527
0.0065502,0.0123,0.014888,0.036431,0.096725,0.83311
0.014439,0.032238,0.052656,0.088056,0.15374,0.65887
0.01042,0.036924,0.059554,0.098791,0.16624,0.62807
0.0033479,0.052103,0.097934,0.13964,0.16192,0.54505
0.091541,0.12398,0.11369,0.12718,0.11227,0.43133
0.16808,0.096207,0.051286,0.087914,0.16891,0.4276
0.11498,0.11661,0.091776,0.10665,0.13563,0.43435
0.041206,0.08804,0.098055,0.16807,0.20902,0.39562
0.0023775,0.015628,0.028142,0.062571,0.15259,0.73869
0.0094129,0.023322,0.028105,0.036568,0.043793,0.8588
0.076185,0.10377,0.12937,0.20415,0.22953,0.25699
0.016448,0.032476,0.049927,0.12081,0.25386,0.52648
0.0053817,0.012749,0.017552,0.051524,0.20562,0.70717
0.10727,0.23704,0.17231,0.14752,0.13466,0.2012
0.021377,0.062033,0.11172,0.1174,0.20961,0.47786
0.014766,0.057949,0.096337,0.13385,0.23728,0.45981
0.0053817,0.012749,0.017552,0.051524,0.20562,0.70717
0.031158,0.041905,0.061576,0.10467,0.14719,0.6135
0.018134,0.042014,0.079262,0.12532,0.1456,0.58967
0.13254,0.10049,0.093992,0.1399,0.18626,0.34681
0.078728,0.052301,0.050514,0.074511,0.16002,0.58393
0.16819,0.21507,0.13533,0.11113,0.12257,0.24772
0.026059,0.06809,0.097133,0.18149,0.24638,0.38085
0.078728,0.052301,0.050514,0.074511,0.16002,0.58393
0.018134,0.042014,0.079262,0.12532,0.1456,0.58967
0.035771,0.073852,0.0881,0.10764,0.21469,0.47994
0.10727,0.23704,0.17231,0.14752,0.13466,0.2012
0.03324,0.054023,0.077499,0.15725,0.27099,0.40699
0.01475,0.051625,0.067916,0.12621,0.2357,0.5038
0.024179,0.025142,0.020698,0.038424,0.1063,0.78525
0.23345,0.022307,0.031441,0.065154,0.11467,0.53298
0.030277,0.024842,0.026917,0.054913,0.112,0.75105
0.004201,0.032084,0.063274,0.1056,0.183,0.61185
0.051904,0.089791,0.076286,0.081413,0.11845,0.58215
0.03324,0.054023,0.077499,0.15725,0.27099,0.40699
0.00035986,0.0017144,0.0035379,0.0044558,0.0081271,0.9818
0.022546,0.027624,0.02652,0.058131,0.14834,0.71684
0.15779,0.092475,0.074442,0.095407,0.13225,0.44764
0.056105,0.044469,0.037397,0.06961,0.14596,0.64646
0.060949,0.16064,0.16577,0.18658,0.22171,0.20435
0.048924,0.1108,0.11028,0.15183,0.21575,0.36242
0.027859,0.08844,0.077563,0.10259,0.14005,0.5635
0.029896,0.05558,0.073565,0.13647,0.23871,0.46578
0.036762,0.10851,0.094457,0.10501,0.13203,0.52324
0.10444,0.06283,0.077944,0.090801,0.15502,0.50897
0.036932,0.065567,0.080681,0.11807,0.14601,0.55275
0.013197,0.069161,0.097295,0.17304,0.25123,0.39607
0.065611,0.11463,0.10681,0.12055,0.16695,0.42546
0.33965,0.039892,0.094513,0.14012,0.11909,0.26673
0.036131,0.052551,0.054791,0.093045,0.1356,0.62788
0.018806,0.05676,0.067742,0.11113,0.18339,0.56217
0.070455,0.089843,0.073645,0.074826,0.088994,0.60224
0.0028586,0.016715,0.034377,0.071163,0.16006,0.71482
0.013173,0.040311,0.056685,0.10581,0.18149,0.60253
0.26976,0.21053,0.14176,0.12212,0.10072,0.1551
0.012183,0.042811,0.054953,0.087765,0.1228,0.67949
0.02105,0.045055,0.052842,0.094481,0.19172,0.59485
0.034765,0.057796,0.060687,0.13208,0.22909,0.48559
0.0050016,0.015082,0.033289,0.096272,0.17656,0.6738
0.04497,0.075987,0.07204,0.10341,0.16124,0.54235
0.0010351,0.062409,0.073686,0.11604,0.19239,0.55444
0.029395,0.067564,0.063788,0.083151,0.15929,0.59681
0.086883,0.1526,0.15527,0.19112,0.17618,0.23793
0.025267,0.048391,0.058325,0.11447,0.18775,0.56579
0.013181,0.029694,0.019707,0.027547,0.10144,0.80843
0.0010998,0.030984,0.084854,0.14996,0.21965,0.51345
0.00060246,0.0089156,0.018923,0.071325,0.18412,0.71612
0.057355,0.08679,0.080438,0.11109,0.1509,0.51343
0.0061095,0.010484,0.023981,0.06414,0.16637,0.72891
0.030422,0.056898,0.063432,0.11343,0.1847,0.55112
0.00088549,0.016125,0.051023,0.098662,0.17822,0.65508
0.00083293,0.0075651,0.02147,0.11173,0.45314,0.40526
0.011681,0.048132,0.065045,0.12094,0.22358,0.53062
0.025267,0.048391,0.058325,0.11447,0.18775,0.56579
0.017892,0.037571,0.052297,0.086107,0.17707,0.62907
0.018656,0.013582,0.0074276,0.0087336,0.023807,0.92779
0.075623,0.074296,0.072113,0.1131,0.2029,0.46198
0.049474,0.044319,0.050299,0.092301,0.15408,0.60953
0.06287,0.087591,0.081785,0.099689,0.12672,0.54135
0.0010634,0.060181,0.068385,0.11043,0.18132,0.57862
0.047319,0.20139,0.18609,0.21142,0.18341,0.17038
0.059389,0.11138,0.1073,0.14101,0.20904,0.37187
0.062053,0.075784,0.061034,0.070112,0.10739,0.62363
0.12001,0.12053,0.093062,0.12329,0.14457,0.39854
0.04083,0.098569,0.097707,0.12703,0.1761,0.45976
0.047501,0.074689,0.066901,0.076795,0.11001,0.62411
0.11556,0.12217,0.090405,0.10845,0.15419,0.40922
0.033297,0.057626,0.067775,0.096442,0.14462,0.60024
0.02181,0.043118,0.047966,0.079698,0.16399,0.64342
0.059567,0.064548,0.062955,0.11678,0.22374,0.47241
0.05226,0.0031942,0.004755,0.011798,0.043959,0.88403
0.062053,0.075784,0.061034,0.070112,0.10739,0.62363
0.015001,0.12032,0.18517,0.23856,0.19501,0.24594
0.049842,0.077256,0.070617,0.08337,0.12162,0.59729
0.057035,0.16488,0.17333,0.22745,0.20911,0.16821
0.37427,0.027038,0.028417,0.047121,0.10623,0.41693
0.16439,0.086111,0.043692,0.037975,0.068417,0.59941
0.004387,0.06602,0.11621,0.1581,0.18669,0.4686
0.16464,0.16256,0.11999,0.099871,0.091974,0.36096
0.095985,0.15974,0.1331,0.13053,0.14329,0.33735
0.056845,0.12706,0.12057,0.13717,0.12756,0.43078
0.011823,0.001213,0.0012454,0.0031255,0.029751,0.95284
0.0011847,0.010129,0.014471,0.053793,0.26327,0.65716
0.041792,0.11162,0.13244,0.18235,0.22439,0.30742
0.16439,0.086111,0.043692,0.037975,0.068417,0.59941
0.0048197,0.021903,0.055859,0.14084,0.24999,0.52658
0.019505,0.087308,0.13092,0.20284,0.23181,0.32762
0.13884,0.10486,0.077644,0.11198,0.19816,0.36851
0.070217,0.089677,0.087862,0.14377,0.19919,0.40928
0.034542,0.10156,0.13022,0.21925,0.27185,0.24258
0.07931,0.11726,0.10678,0.13644,0.18113,0.37908
0.073071,0.11543,0.1064,0.13609,0.18276,0.38623
0.056012,0.081441,0.084688,0.12232,0.17372,0.48182
0.16038,0.13809,0.11323,0.1329,0.15886,0.29653
0.046604,0.078635,0.094618,0.16541,0.20016,0.41457
0.069384,0.1011,0.080701,0.12829,0.19254,0.42798
0.067067,0.0866,0.076367,0.088832,0.11989,0.56125
0.041137,0.061467,0.088323,0.13841,0.18863,0.48204
0.00088954,0.007278,0.019675,0.055867,0.17372,0.74257
0.050384,0.060602,0.070702,0.11278,0.19252,0.51301
0.034348,0.13419,0.15719,0.19303,0.19734,0.28391
0.13577,0.11285,0.075437,0.095718,0.11834,0.46188
0.025514,0.093814,0.10721,0.17454,0.22959,0.36934
0.056752,0.0087417,0.014079,0.025202,0.083164,0.81206
0.036762,0.057549,0.066849,0.10877,0.19395,0.53613
0.014839,0.025271,0.030899,0.057197,0.11813,0.75366
0.011293,0.037506,0.053918,0.11822,0.18028,0.59878
0.062445,0.10406,0.079427,0.10282,0.19873,0.45251
0.0084829,0.069675,0.090923,0.12012,0.22023,0.49057
0.036997,0.071325,0.065183,0.081101,0.15357,0.59182
0.068826,0.1876,0.18351,0.22987,0.19447,0.13573
0.050926,0.12983,0.12113,0.15711,0.19936,0.34164
0.04848,0.10571,0.09068,0.10465,0.1419,0.50858
0.041137,0.061467,0.088323,0.13841,0.18863,0.48204
0.028869,0.094404,0.10809,0.14616,0.19567,0.4268
0.016076,0.029262,0.037607,0.070148,0.32438,0.52253
0.036435,0.059405,0.06843,0.11,0.18141,0.54432
0.014839,0.025271,0.030899,0.057197,0.11813,0.75366
0.0010634,0.060181,0.068385,0.11043,0.18132,0.57862
0.01437,0.035096,0.043632,0.059146,0.11646,0.73129
0.048924,0.1108,0.11028,0.15183,0.21575,0.36242
0.26859,0.030952,0.039479,0.073294,0.12034,0.46734
0.064326,0.063933,0.058754,0.086055,0.12112,0.60581
0.13924,0.13239,0.12401,0.15707,0.18783,0.25947
0.045819,0.072623,0.073884,0.1164,0.1969,0.49438
0.11631,0.11391,0.099523,0.16337,0.18314,0.32375
0.18562,0.09736,0.060953,0.069736,0.11166,0.47467
0.0018121,0.032697,0.056069,0.10305,0.17044,0.63593
0.020945,0.04979,0.050263,0.12168,0.24369,0.51363
0.014799,0.063586,0.080725,0.13617,0.20306,0.50165
0.0014943,0.018734,0.044561,0.10109,0.1934,0.64073
0.083467,0.10537,0.087587,0.077992,0.13732,0.50826
0.04791,0.11689,0.12676,0.17866,0.24288,0.2869
0.01042,0.027875,0.043191,0.097897,0.19077,0.62985
0.021232,0.046171,0.047906,0.080952,0.12743,0.67631
0.035492,0.039823,0.040195,0.072683,0.17408,0.63773
0.00061055,0.018215,0.049381,0.10971,0.20877,0.61331
0.053829,0.14664,0.15381,0.19842,0.19558,0.25171
0.0097404,0.031025,0.054694,0.10822,0.14891,0.64741
0.0041849,0.053109,0.088646,0.18631,0.27449,0.39327
0.11648,0.13763,0.094626,0.10516,0.12428,0.42183
0.15277,0.054504,0.027252,0.03694,0.10583,0.6227
0.021769,0.059696,0.089394,0.18164,0.24666,0.40085
0.015134,0.10544,0.12994,0.17257,0.12118,0.45573
0.079876,0.11959,0.10291,0.11559,0.12066,0.46138
0.035691,0.08362,0.12493,0.17751,0.15022,0.42803
0.021345,0.031291,0.059858,0.14724,0.27205,0.46822
0.022683,0.055944,0.075805,0.1536,0.2441,0.44787
0.02779,0.039301,0.062417,0.098087,0.10057,0.67184
0.022424,0.033689,0.035112,0.081477,0.19154,0.63576
0.065191,0.065741,0.061584,0.094517,0.16306,0.54991
0.032205,0.047012,0.056449,0.099038,0.19157,0.57372
0.079876,0.11959,0.10291,0.11559,0.12066,0.46138
0.031146,0.03582,0.044736,0.088489,0.15975,0.64006
0.02876,0.14366,0.13806,0.15027,0.21287,0.32637
0.0024503,0.015126,0.022542,0.044578,0.1102,0.8051
0.0012251,0.004294,0.0018235,0.00082889,0.0024341,0.98939
0.016857,0.039172,0.043442,0.073302,0.13441,0.69282
0.19487,0.05376,0.063286,0.11752,0.15159,0.41898
0.0062025,0.021171,0.018308,0.0261,0.057185,0.87103
0.090094,0.13957,0.128,0.165,0.15527,0.32207
0.033374,0.15562,0.14635,0.12014,0.12118,0.42333
0.0082403,0.044465,0.078352,0.11821,0.15468,0.59605
0.0003922,0.018373,0.048912,0.12865,0.25606,0.54761
0.029225,0.048488,0.047356,0.069287,0.10422,0.70142
0.020916,0.070152,0.076229,0.10949,0.17704,0.54617
0.014993,0.078016,0.10271,0.15107,0.19437,0.45884
0.008115,0.019254,0.03956,0.081118,0.19121,0.66075
0.0072457,0.014338,0.027762,0.061285,0.17755,0.71182
0.086236,0.16713,0.15661,0.18455,0.185,0.22048
0.07665,0.10763,0.086782,0.11014,0.14921,0.46959
0.032262,0.051488,0.051872,0.088335,0.15146,0.62458
0.024398,0.051682,0.053352,0.099624,0.16293,0.60801
0.04053,0.088586,0.070411,0.10165,0.17794,0.52089
0.012276,0.039431,0.040094,0.059231,0.090365,0.7586
0.008115,0.019254,0.03956,0.081118,0.19121,0.66075
0.047004,0.0907,0.071337,0.11864,0.17066,0.50166
0.13706,0.094012,0.067261,0.10492,0.13557,0.46118
0.0015405,0.049216,0.092746,0.17291,0.28164,0.40195
0.02821,0.0858,0.091954,0.13486,0.19694,0.46224
0.086236,0.16713,0.15661,0.18455,0.185,0.22048
0.091161,0.12743,0.12607,0.15356,0.17253,0.32925
0.19842,0.12056,0.09554,0.18277,0.1572,0.24551
0.27495,0.11405,0.091283,0.096874,0.11275,0.31009
0.13197,0.14196,0.10205,0.11329,0.16881,0.34192
0.030746,0.10773,0.13874,0.2037,0.18747,0.33162
0.0044639,0.05279,0.076286,0.13434,0.21471,0.51741
0.13197,0.14196,0.10205,0.11329,0.16881,0.34192
0.21306,0.51363,0.22188,0.049195,0.002054,0.00018195
0.02253,0.048447,0.062789,0.096676,0.16047,0.60909
0.018021,0.040838,0.053611,0.084736,0.11978,0.68301
0.014932,0.18251,0.13743,0.16086,0.16623,0.33804
0.035048,0.048908,0.043943,0.062474,0.15184,0.65779
0.082242,0.14322,0.12704,0.1599,0.16205,0.32555
0.096689,0.25364,0.16582,0.12293,0.079415,0.2815
0.31815,0.034668,0.036621,0.063092,0.12936,0.41811
0.066602,0.25148,0.20241,0.16299,0.10542,0.21109
0.01433,0.054985,0.090567,0.14115,0.19645,0.50252
0.003542,0.023714,0.041,0.11686,0.20723,0.60766
0.049588,0.048524,0.049624,0.050461,0.077236,0.72457
0.011063,0.093903,0.11422,0.15683,0.19396,0.43002
0.013521,0.062579,0.090603,0.14826,0.22407,0.46097
0.082496,0.053231,0.031853,0.035557,0.052414,0.74445
0.098108,0.11545,0.11067,0.14785,0.20682,0.3211
0.0016982,0.013622,0.02086,0.05281,0.11031,0.8007
0.024474,0.098548,0.10791,0.14223,0.23966,0.38718
0.12742,0.16663,0.12281,0.10934,0.10652,0.36729
0.050101,0.07164,0.075983,0.12323,0.2154,0.46365
0.36694,0.12396,0.04594,0.032614,0.046777,0.38377
0.062219,0.061617,0.047784,0.070447,0.21288,0.54505
0.034017,0.023884,0.031089,0.068979,0.19565,0.64638
0.0039746,0.032039,0.056421,0.091072,0.18345,0.63305
0.27346,0.022299,0.018086,0.023294,0.077927,0.58494
0.010343,0.10803,0.11198,0.10383,0.14378,0.52204
0.075574,0.14248,0.1325,0.17005,0.20436,0.27504
0.0086568,0.02333,0.045011,0.1056,0.21802,0.59939
0.053028,0.075239,0.076824,0.097162,0.18217,0.51558
0.028332,0.11942,0.12223,0.15152,0.17565,0.40285
0.024753,0.082945,0.098286,0.14237,0.17405,0.4776
0.028214,0.067597,0.080915,0.10763,0.13709,0.57856
0.022198,0.078271,0.10271,0.17635,0.2647,0.35577
0.014467,0.036483,0.019695,0.021721,0.049523,0.85811
0.068523,0.060901,0.047012,0.081364,0.1824,0.5598
0.017022,0.028651,0.035808,0.076973,0.12193,0.71961
0.0033277,0.017835,0.027786,0.080305,0.17564,0.69511
0.047505,0.051662,0.038747,0.061439,0.1083,0.69235
0.025133,0.13543,0.11844,0.14074,0.16185,0.41841
0.0049086,0.11969,0.14725,0.17792,0.22418,0.32606
0.083669,0.066925,0.058548,0.093923,0.17175,0.52518
0.010796,0.03939,0.057331,0.10645,0.17954,0.60649
0.034348,0.13419,0.15719,0.19303,0.19734,0.28391
0.0131,0.072517,0.11146,0.17695,0.23859,0.38738
0.046547,0.10957,0.077588,0.12655,0.20633,0.43341
0.068523,0.060901,0.047012,0.081364,0.1824,0.5598
0.26112,0.066921,0.056643,0.06866,0.083434,0.46323
0.026585,0.056878,0.065251,0.098654,0.14553,0.6071
0.016917,0.049745,0.065458,0.093094,0.15225,0.62254
0.18056,0.032444,0.027143,0.050861,0.09996,0.60903
0.024147,0.087599,0.10204,0.14281,0.20936,0.43404
0.023322,0.038836,0.046693,0.08802,0.18896,0.61417
0.067306,0.10313,0.078457,0.085747,0.098269,0.56709
0.0068616,0.053922,0.071919,0.11426,0.1868,0.56623
0.14429,0.092095,0.075974,0.095051,0.12433,0.46826
0.10639,0.1373,0.12434,0.13037,0.13657,0.36503
0.10414,0.062215,0.030798,0.025303,0.057517,0.72003
0.017431,0.025283,0.039726,0.087834,0.19235,0.63738
0.17496,0.13205,0.10853,0.13006,0.16045,0.29395
0.032092,0.064176,0.081328,0.11996,0.14616,0.55628
0.10571,0.1667,0.13838,0.15988,0.18798,0.24136
0.24474,0.22168,0.17089,0.1106,0.056882,0.1952
0.012704,0.02477,0.03654,0.069501,0.13485,0.72164
0.031449,0.079205,0.096211,0.15776,0.27125,0.36413
0.0057982,0.033742,0.060306,0.11913,0.21769,0.56333
0.037967,0.06179,0.057978,0.087381,0.17034,0.58455
0.0051472,0.0092593,0.011843,0.038428,0.13781,0.79752
0.31993,0.021923,0.01963,0.029605,0.090971,0.51794
0.094489,0.16757,0.1621,0.19385,0.2006,0.18139
0.0082686,0.028174,0.047202,0.11061,0.20376,0.60199
0.081295,0.13515,0.17552,0.1718,0.1735,0.26274
0.26126,0.21203,0.14465,0.10171,0.082258,0.19809
0.0018478,0.0008491,0.00082484,0.0018316,0.0048884,0.98976
0.044938,0.10625,0.086968,0.077842,0.062866,0.62113
0.098605,0.11825,0.093668,0.11626,0.19452,0.3787
0.041283,0.13307,0.11921,0.15014,0.19023,0.36607
0.010209,0.09102,0.17005,0.2487,0.26386,0.21616
0.17448,0.21903,0.13824,0.12637,0.12719,0.21469
0.24797,0.16732,0.10763,0.1089,0.13945,0.22872
0.084122,0.098706,0.084878,0.10746,0.14498,0.47985
0.10571,0.1667,0.13838,0.15988,0.18798,0.24136
0.017269,0.036378,0.054977,0.085998,0.14047,0.66491
0.065983,0.15287,0.1382,0.17049,0.17968,0.29278
0.075857,0.048577,0.048104,0.076832,0.15004,0.60059
0.17745,0.13098,0.11605,0.12436,0.11192,0.33925
0.016703,0.062199,0.071414,0.11019,0.16261,0.57689
0.043147,0.088852,0.10378,0.17041,0.2289,0.36491
0.014799,0.063586,0.080725,0.13617,0.20306,0.50165
0.072748,0.13412,0.12213,0.12852,0.16352,0.37896
0.23816,0.050065,0.04592,0.065163,0.12931,0.47138
0.016485,0.050643,0.057775,0.10672,0.2157,0.55267
0.089216,0.08992,0.058899,0.10942,0.19762,0.45492
0.012696,0.043405,0.063962,0.11726,0.20646,0.55622
0.12327,0.20092,0.14775,0.14257,0.1446,0.24089
0.1921,0.26377,0.13687,0.093903,0.11143,0.20194
0.0079169,0.026803,0.062773,0.10257,0.17825,0.62168
0.0010149,0.011232,0.028421,0.11595,0.2303,0.61308
0.011333,0.085428,0.13325,0.20081,0.23335,0.33582
0.34027,0.027834,0.031498,0.062445,0.085197,0.45276
0.012377,0.037971,0.054767,0.11825,0.24205,0.53459
0.030018,0.064641,0.097445,0.15256,0.26736,0.38798
0.025146,0.064079,0.090935,0.1654,0.27651,0.37793
0.012154,0.050805,0.069234,0.13747,0.24383,0.48651
0.01492,0.021284,0.027576,0.054634,0.080721,0.80087
0.13861,0.14772,0.11091,0.10923,0.13305,0.36048
0.18878,0.26373,0.12194,0.11165,0.11159,0.20231
0.068009,0.10322,0.089475,0.10843,0.15191,0.47895
0.016052,0.033827,0.035185,0.083499,0.23921,0.59223
0.0020823,0.039774,0.094198,0.17075,0.24741,0.44579
0.18878,0.26373,0.12194,0.11165,0.11159,0.20231
0.020273,0.044457,0.072307,0.14049,0.20702,0.51545
0.0048844,0.028886,0.049677,0.10525,0.15925,0.65205
0.01215,0.033912,0.061891,0.12817,0.26961,0.49426
0.020702,0.080879,0.095455,0.13952,0.24762,0.41583
0.0066068,0.033459,0.063452,0.13461,0.21151,0.55036
0.015409,0.020746,0.035359,0.092435,0.18557,0.65048
0.011435,0.027357,0.045395,0.10584,0.25867,0.55131
0.021494,0.050687,0.066295,0.14958,0.24987,0.46208
0.027681,0.031566,0.035023,0.075574,0.20376,0.6264
0.0088307,0.018333,0.026815,0.090773,0.15799,0.69726
0.02502,0.077563,0.14477,0.20821,0.25186,0.29258
0.020152,0.062013,0.088246,0.15349,0.26445,0.41165
0.015567,0.070815,0.12454,0.20731,0.27186,0.3099
0.01308,0.016905,0.025578,0.060444,0.17069,0.7133
0.01378,0.056591,0.080818,0.13369,0.20986,0.50526
0.013638,0.024442,0.036091,0.10301,0.15964,0.66318
0.017633,0.054706,0.089661,0.16302,0.25062,0.42436
0.023508,0.041836,0.055277,0.077806,0.14613,0.65544
0.027212,0.060505,0.068333,0.13762,0.21073,0.49561
0.007646,0.024911,0.039904,0.12471,0.21338,0.58945
0.018118,0.042653,0.065502,0.10839,0.19602,0.56932
0.00858,0.05577,0.091743,0.15646,0.24234,0.4451
0.019262,0.038966,0.053534,0.099822,0.29977,0.48865
0.026225,0.04045,0.056486,0.14172,0.25912,0.476
0.010133,0.026105,0.071175,0.17996,0.29812,0.41451
0.01306,0.041493,0.069303,0.13269,0.20815,0.53531
0.028311,0.11412,0.14755,0.19218,0.21281,0.30503
0.026965,0.065753,0.08973,0.13867,0.25258,0.4263
0.027899,0.089224,0.10662,0.16458,0.22068,0.391
0.019752,0.062328,0.10141,0.17751,0.27357,0.36543
0.011131,0.04277,0.094396,0.1935,0.26153,0.39667
0.0261,0.067536,0.077681,0.11421,0.19265,0.52182
0.029173,0.061867,0.081328,0.12819,0.19505,0.50439
0.011451,0.073403,0.10832,0.15759,0.23573,0.4135
0.075586,0.12402,0.12465,0.16266,0.20197,0.31111
0.025934,0.063719,0.080758,0.12311,0.21795,0.48853
0.014164,0.055406,0.10576,0.15839,0.30344,0.36284
0.020726,0.035869,0.05507,0.11625,0.2471,0.52499
0.038679,0.061431,0.077256,0.10482,0.19902,0.5188
0.041024,0.10745,0.10842,0.1403,0.20331,0.3995
0.050594,0.083159,0.11894,0.1698,0.22864,0.34887
0.016525,0.038206,0.056291,0.080766,0.14017,0.66805
0.0093078,0.017706,0.030653,0.10017,0.24621,0.59595
0.0066634,0.040842,0.070803,0.1015,0.17866,0.60153
0.0062106,0.037142,0.057771,0.072958,0.13609,0.68983
0.02426,0.067965,0.087773,0.14374,0.21029,0.46597
0.020625,0.047012,0.059433,0.10058,0.2006,0.57175
0.15726,0.093591,0.074972,0.10279,0.14084,0.43054
0.022137,0.12851,0.14294,0.17711,0.17295,0.35635
0.033139,0.071498,0.083026,0.12709,0.17428,0.51097
0.053643,0.088456,0.106,0.14657,0.16956,0.43577
0.0079775,0.057355,0.10778,0.16377,0.20635,0.45677
0.028481,0.10305,0.14416,0.19993,0.22967,0.29472
0.013278,0.015676,0.031255,0.086289,0.21533,0.63817
0.0084344,0.03117,0.057031,0.14473,0.24871,0.50993
0.007371,0.015158,0.02259,0.10897,0.24829,0.59761
0.010072,0.046211,0.10956,0.20324,0.27107,0.35984
0.018235,0.060399,0.091679,0.13468,0.21832,0.47669
0.0080382,0.016901,0.021822,0.051023,0.14434,0.75788
0.0087175,0.065223,0.10125,0.16314,0.24863,0.41303
0.0054666,0.038016,0.078368,0.15528,0.2313,0.49157
0.042483,0.10645,0.11367,0.16667,0.25558,0.31515
0.0029072,0.018737,0.044837,0.13077,0.24093,0.56182
0.010104,0.030499,0.052491,0.10474,0.2436,0.55857
0.020168,0.060302,0.081069,0.14108,0.23951,0.45787
0.010218,0.02914,0.050821,0.10895,0.25843,0.54244
0.01496,0.03994,0.070993,0.15671,0.29459,0.4228
0.015842,0.059878,0.12612,0.19906,0.25598,0.34312
0.015437,0.052479,0.075093,0.14161,0.21345,0.50192
0.034389,0.091865,0.10645,0.17066,0.24288,0.35376
0.015935,0.033806,0.060727,0.1347,0.23631,0.51853
0.0033438,0.02798,0.11043,0.20264,0.23841,0.4172
0.030426,0.062502,0.063901,0.10173,0.18474,0.5567
0.01378,0.078024,0.14696,0.21704,0.25037,0.29383
0.015421,0.052713,0.079322,0.13941,0.21805,0.49508
0.023872,0.10425,0.13193,0.20915,0.19607,0.33472
0.0023896,0.026545,0.045516,0.090809,0.20636,0.62838
0.0073468,0.019562,0.041723,0.11447,0.17917,0.63773
0.02092,0.043033,0.078489,0.14438,0.23713,0.47605
0.049349,0.10052,0.10519,0.14969,0.23058,0.36468
0.0079856,0.044,0.058912,0.12462,0.27817,0.48632
0.016149,0.059195,0.095827,0.1645,0.24436,0.41997
0.028162,0.068579,0.094335,0.16184,0.18187,0.46522
0.0051512,0.021705,0.041327,0.10827,0.27719,0.54635
0.01955,0.074159,0.091606,0.14521,0.23865,0.43083
0.050522,0.05319,0.055843,0.12371,0.24641,0.47033
0.020552,0.070605,0.078352,0.13575,0.22422,0.47052
0.033758,0.086681,0.090167,0.13361,0.20915,0.44663
0.046462,0.11472,0.10875,0.1581,0.22943,0.34254
0.014487,0.032347,0.054561,0.14879,0.27074,0.47908
0.015963,0.076067,0.10729,0.16465,0.20148,0.43455
0.021628,0.085719,0.12817,0.19536,0.27179,0.29733
0.013363,0.071248,0.10934,0.16215,0.20551,0.43839
0.016475,0.079009,0.10709,0.16404,0.21213,0.42125
0.020277,0.056441,0.072841,0.12103,0.20232,0.52709
0.036382,0.08447,0.11026,0.15927,0.20497,0.40465
0.031983,0.085824,0.10253,0.17187,0.25825,0.34954
0.024579,0.054452,0.059069,0.10082,0.17566,0.58542
0.20194,0.11822,0.088735,0.10393,0.13629,0.35089
0.0085557,0.03711,0.071713,0.13346,0.24854,0.50062
0.013206,0.034381,0.042075,0.14795,0.25564,0.50674
0.014281,0.1,0.16926,0.25683,0.23413,0.22551
0.009324,0.030826,0.08451,0.16391,0.25378,0.45765
0.018252,0.059102,0.091311,0.13744,0.23749,0.45641
0.020609,0.051694,0.056287,0.09852,0.18519,0.5877
0.020023,0.065066,0.093785,0.15337,0.23488,0.43288
0.009421,0.024919,0.026492,0.063958,0.22358,0.65163
0.014722,0.042071,0.09567,0.18918,0.23519,0.42317
0.036515,0.13001,0.15049,0.21522,0.2212,0.24656
0.0093078,0.033232,0.051824,0.11569,0.27863,0.51131
0.015433,0.055543,0.07331,0.13345,0.1691,0.55317
0.0065583,0.04436,0.11978,0.17352,0.25761,0.39818
0.015442,0.049365,0.064257,0.10856,0.17686,0.58552
0.011993,0.040619,0.060557,0.11601,0.1962,0.57462
0.011993,0.043341,0.055224,0.083289,0.20934,0.59682
0.0062995,0.02255,0.041962,0.094077,0.14965,0.68546
0.026843,0.10181,0.1249,0.16624,0.22977,0.35044
0.013388,0.054533,0.084186,0.11468,0.18449,0.54872
0.019812,0.064792,0.091923,0.16361,0.23426,0.4256
0.0045811,0.01885,0.047283,0.16395,0.25376,0.51157
0.081215,0.11308,0.10398,0.1446,0.17254,0.38458
0.017601,0.059587,0.074697,0.13362,0.2306,0.48389
0.026526,0.049068,0.057685,0.081868,0.18861,0.59624
0.0052402,0.018434,0.045035,0.10531,0.17295,0.65303
0.10672,0.16593,0.16923,0.16077,0.14582,0.25153
0.0086689,0.039289,0.089216,0.14822,0.25846,0.45614
0.0013141,0.0094008,0.030685,0.10479,0.18101,0.6728
0.014475,0.046098,0.065615,0.14744,0.27925,0.44712
0.007464,0.027976,0.069343,0.13035,0.20748,0.55738
0.018215,0.040215,0.054229,0.1119,0.1965,0.57895
0.017326,0.033657,0.063003,0.17954,0.286,0.42047
0.0048399,0.026399,0.039516,0.10159,0.22496,0.6027
0.024826,0.042208,0.054371,0.14136,0.30222,0.43502
0.055325,0.18135,0.16979,0.16249,0.16528,0.26577
0.0083859,0.031906,0.08208,0.19973,0.27346,0.40444
0.0049733,0.025942,0.0496,0.11264,0.24828,0.55856
0.0090167,0.026714,0.052212,0.15284,0.25067,0.50855
0.092714,0.11778,0.078748,0.075611,0.10157,0.53358
0.020035,0.021798,0.024701,0.089362,0.21658,0.62753
0.020079,0.034271,0.063913,0.1385,0.24033,0.50291
0.026512,0.068138,0.12405,0.2043,0.30743,0.26957
0.016981,0.075903,0.12902,0.21453,0.25539,0.30818
0.021264,0.064637,0.094161,0.14584,0.23891,0.43519
0.0077107,0.030976,0.063282,0.13657,0.25539,0.50607
0.018737,0.051225,0.068324,0.11666,0.21116,0.5339
0.013933,0.022073,0.042734,0.10132,0.19053,0.6294
0.023722,0.064694,0.08958,0.17312,0.26899,0.37989
0.0035177,0.018543,0.032217,0.085032,0.2,0.66069
0.041836,0.058705,0.063295,0.12419,0.21767,0.4943
0.014451,0.033839,0.057565,0.090834,0.16155,0.64176
0.025295,0.069752,0.093741,0.1568,0.26587,0.38854
0.0069829,0.01883,0.047166,0.12065,0.1882,0.61817
0.018583,0.055479,0.068426,0.11174,0.20099,0.54478
0.0059235,0.03466,0.071596,0.14761,0.27055,0.46965
0.023164,0.091566,0.11341,0.14396,0.20285,0.42504
0.027875,0.055232,0.062344,0.10641,0.16517,0.58297
0.0044556,0.013019,0.0217,0.088533,0.30975,0.56255
0.015818,0.083422,0.11901,0.18509,0.22955,0.36711
0.013574,0.026779,0.035213,0.10334,0.32331,0.49779
0.0098941,0.039083,0.049482,0.087324,0.17224,0.64197
0.041489,0.079512,0.10266,0.1795,0.22129,0.37555
0.003732,0.032848,0.043559,0.092285,0.20028,0.62729
0.055143,0.09195,0.09698,0.13522,0.22313,0.39758
0.0079735,0.018349,0.0246,0.077014,0.27541,0.59665
0.0030729,0.023516,0.049757,0.097489,0.21593,0.61024
0.031057,0.11157,0.11037,0.15494,0.21154,0.38053
0.016473,0.056271,0.080475,0.14617,0.21176,0.48885
0.009332,0.036107,0.062741,0.1391,0.23645,0.51627
0.0082242,0.02703,0.042467,0.090636,0.21861,0.61304
0.016549,0.057852,0.098949,0.18963,0.26262,0.37439
0.023318,0.077834,0.12941,0.1967,0.2451,0.32764
0.12275,0.083766,0.10644,0.16545,0.20852,0.31309
0.017399,0.033806,0.067293,0.13867,0.29161,0.45122
0.089293,0.041727,0.043903,0.08692,0.17262,0.56554
0.0087377,0.035925,0.050077,0.092128,0.18539,0.62775
0.012854,0.025429,0.040995,0.10997,0.23524,0.57551
0.0064532,0.017338,0.052798,0.10943,0.18145,0.63254
0.030717,0.088347,0.10872,0.20859,0.27684,0.28679
0.0012858,0.011261,0.028372,0.090102,0.22604,0.64294
0.014047,0.081469,0.1308,0.16839,0.23636,0.36893
0.011172,0.074478,0.11852,0.19298,0.24629,0.35656
0.0066392,0.028502,0.053841,0.11581,0.25773,0.53749
0.041028,0.068846,0.075586,0.11488,0.18611,0.51355
0.037672,0.062312,0.087995,0.16557,0.25132,0.39513
0.042075,0.059615,0.085371,0.12752,0.18055,0.50486
0.050032,0.068975,0.084866,0.12832,0.24311,0.4247
0.019998,0.075691,0.12262,0.19406,0.24792,0.33971
0.0073872,0.020463,0.054998,0.144,0.22721,0.54594
0.010226,0.022489,0.058879,0.15227,0.23762,0.51852
0.023908,0.033616,0.04626,0.10304,0.23319,0.55998
0.017783,0.073896,0.12016,0.19254,0.2648,0.33082
0.0077228,0.022182,0.036046,0.082084,0.17895,0.67302
0.026088,0.078744,0.085205,0.14291,0.26134,0.40571
0.056748,0.10636,0.11378,0.1478,0.22843,0.34687
0.021357,0.044154,0.088202,0.1632,0.21426,0.46882
0.007557,0.027713,0.054642,0.10183,0.18527,0.62298
0.010788,0.036588,0.053522,0.11089,0.237,0.5512
0.019845,0.041363,0.056004,0.13295,0.22444,0.5254
0.0025271,0.015235,0.057238,0.14011,0.26396,0.52094
0.13257,0.1533,0.11897,0.14172,0.18013,0.27333
0.020128,0.082359,0.11979,0.15975,0.19873,0.41924
0.010056,0.036641,0.054225,0.099454,0.15683,0.64279
0.043381,0.059886,0.077377,0.1243,0.21217,0.48288
0.024236,0.072182,0.086532,0.12652,0.19421,0.49632
0.014625,0.09252,0.11982,0.16477,0.23528,0.37298
0.0068413,0.015708,0.025813,0.10951,0.35266,0.48946
0.0029153,0.021547,0.049333,0.14824,0.26657,0.5114
0.043923,0.088889,0.13962,0.18319,0.21292,0.33146
0.10468,0.12342,0.12598,0.17216,0.21047,0.26329
0.011265,0.031546,0.047897,0.092977,0.19258,0.62373
0.043237,0.12909,0.14014,0.18205,0.24212,0.26336
0.0055192,0.024341,0.047687,0.094291,0.22529,0.60287
0.0079492,0.0295,0.042516,0.099224,0.19281,0.628
0.078841,0.058548,0.039014,0.058519,0.17913,0.58595
0.023892,0.066226,0.085703,0.16621,0.23046,0.42751
0.037607,0.080636,0.11693,0.1891,0.20861,0.36712
0.027931,0.066436,0.10516,0.20634,0.25005,0.34408
0.093308,0.1288,0.12217,0.13327,0.12961,0.39284
0.0123,0.03113,0.044934,0.09704,0.26751,0.54708
0.14867,0.16302,0.17414,0.15887,0.11731,0.23798
0.0052685,0.010569,0.013695,0.033628,0.096579,0.84026
0.012037,0.02669,0.056453,0.14177,0.22208,0.54097
0.013323,0.023799,0.03227,0.13928,0.29864,0.49269
0.013614,0.047966,0.070443,0.12482,0.22234,0.52082
0.0072982,0.016327,0.037732,0.12751,0.22575,0.58539
0.019723,0.048366,0.071357,0.12815,0.25152,0.48088
0.0037239,0.015862,0.051512,0.14176,0.2409,0.54624
0.0082848,0.032432,0.032848,0.053918,0.12268,0.74984
0.013982,0.058188,0.079626,0.1556,0.24273,0.44988
0.032504,0.014317,0.022489,0.047384,0.18629,0.69702
0.046159,0.10818,0.092018,0.10243,0.19986,0.45135
0.021304,0.066634,0.080713,0.13842,0.25036,0.44256
0.029872,0.06173,0.08753,0.14067,0.20777,0.47243
0.021781,0.035112,0.068866,0.14443,0.2477,0.4821
0.028764,0.0772,0.078732,0.11362,0.21609,0.4856
0.025635,0.058681,0.070217,0.13313,0.22362,0.48872
0.013299,0.069755,0.089078,0.15493,0.21613,0.4568
0.0017912,0.020666,0.045884,0.087312,0.24066,0.60369
0.035205,0.051969,0.057646,0.10243,0.20264,0.55011
0.0065866,0.026706,0.05302,0.096385,0.28276,0.53454
0.0077228,0.035436,0.06061,0.15239,0.25708,0.48677
0.02238,0.063339,0.082945,0.13067,0.22437,0.4763
0.016287,0.049482,0.10504,0.18869,0.29502,0.34548
0.017483,0.036548,0.040923,0.068931,0.19679,0.63932
0.022902,0.073633,0.078101,0.12416,0.23698,0.46423
0.017362,0.033341,0.048868,0.15626,0.2905,0.45367
0.014601,0.036976,0.074806,0.135,0.23866,0.49996
0.004383,0.027855,0.044554,0.11377,0.22519,0.58425
0.0418,0.073884,0.069829,0.11502,0.19713,0.50235
0.0039099,0.015256,0.031639,0.10922,0.26,0.57997
0.0062914,0.025675,0.081773,0.17398,0.28257,0.42971
0.0063076,0.023476,0.030733,0.059296,0.18694,0.69324
0.017653,0.043017,0.062061,0.10958,0.15752,0.61016
0.012817,0.037773,0.054035,0.10782,0.19458,0.59298
0.0026969,0.019554,0.036519,0.082808,0.29429,0.56414
0.008022,0.023896,0.039127,0.088582,0.18768,0.6527
0.013351,0.052212,0.061228,0.10656,0.22325,0.5434
0.025352,0.075352,0.098645,0.17347,0.28528,0.3419
0.12143,0.14883,0.10818,0.10854,0.16388,0.34915
0.024976,0.054221,0.084704,0.12767,0.22112,0.4873
0.015191,0.068466,0.097497,0.18411,0.27048,0.36426
0.028328,0.063141,0.092192,0.16363,0.25187,0.40084
0.020395,0.047174,0.061819,0.13932,0.20196,0.52933
0.007092,0.019121,0.037927,0.10125,0.21516,0.61945
0.012231,0.040737,0.054423,0.12622,0.23457,0.53182
0.0131,0.093114,0.1309,0.15764,0.20029,0.40496
0.047194,0.10424,0.14998,0.20562,0.278,0.21496
0.006712,0.024725,0.038351,0.086059,0.19783,0.64632
0.025776,0.056562,0.069347,0.10619,0.17021,0.57191
0.022299,0.080487,0.13427,0.20399,0.26171,0.29725
0.013569,0.044732,0.062732,0.17737,0.25306,0.44854
0.015632,0.036426,0.048532,0.14175,0.25064,0.50702
0.036976,0.083802,0.093405,0.13481,0.18944,0.46156
0.010464,0.035209,0.060893,0.13421,0.3159,0.44332
0.047776,0.086989,0.1318,0.20031,0.26078,0.27234
0.024628,0.08318,0.10754,0.18772,0.27239,0.32454
0.011499,0.062502,0.10182,0.17924,0.23998,0.40496
0.0041242,0.020273,0.051128,0.14565,0.2502,0.52863
0.019833,0.037963,0.057472,0.14587,0.26908,0.46978
0.018037,0.051439,0.078809,0.15903,0.28733,0.40535
0.005131,0.020775,0.039192,0.13374,0.28413,0.51703
0.0091016,0.0116,0.033248,0.089289,0.22215,0.63462
0.0034449,0.011896,0.025251,0.076815,0.17018,0.71241
0.018838,0.018632,0.028303,0.10427,0.24513,0.58482
0.011148,0.050849,0.088626,0.19043,0.26042,0.39853
0.0054464,0.026407,0.046834,0.10233,0.24997,0.56902
0.020281,0.05448,0.061989,0.10468,0.22661,0.53196
0.085618,0.096304,0.09738,0.14069,0.23285,0.34716
0.0045043,0.027705,0.053178,0.10315,0.22291,0.58855
0.034639,0.12606,0.14067,0.19506,0.19913,0.30444
0.0087377,0.034999,0.052418,0.11223,0.18634,0.60528
0.013731,0.053841,0.10218,0.16967,0.26165,0.39893
0.018802,0.046009,0.11513,0.16773,0.20165,0.45068
0.014839,0.047242,0.073722,0.13123,0.23481,0.49815
0.0071891,0.019368,0.028235,0.068984,0.22241,0.65381
0.013521,0.046842,0.084328,0.16059,0.23265,0.46207
0.018745,0.064192,0.058139,0.11264,0.20535,0.54093
0.044768,0.039152,0.082868,0.15747,0.16594,0.50981
0.0021955,0.0098577,0.0235,0.12777,0.2755,0.56117
0.028983,0.055531,0.062474,0.093292,0.15646,0.60326
0.0078643,0.013226,0.030843,0.094157,0.19565,0.65826
0.013925,0.07908,0.12405,0.17278,0.2085,0.40167
0.017783,0.07255,0.086742,0.17491,0.20307,0.44495
0.0089398,0.037878,0.058244,0.10517,0.22621,0.56356
0.0044396,0.027244,0.067225,0.13802,0.22925,0.53383
0.010258,0.018094,0.060032,0.20247,0.27206,0.43709
0.022817,0.046244,0.065442,0.11211,0.2006,0.55279
0.0036633,0.037308,0.070613,0.15214,0.32045,0.41583
0.026092,0.072291,0.095281,0.16806,0.21906,0.41922
0.0083738,0.029241,0.040826,0.088517,0.23519,0.59786
0.019299,0.06982,0.086839,0.13821,0.19723,0.4886
0.011891,0.030232,0.058204,0.14406,0.25892,0.49669
0.0060812,0.017128,0.029998,0.080301,0.15703,0.70947
0.015656,0.054306,0.070876,0.1354,0.21378,0.50999
0.012146,0.026629,0.036807,0.094198,0.19465,0.63557
0.0081959,0.0231,0.052349,0.11179,0.19899,0.60557
0.0097525,0.050627,0.10335,0.17137,0.23865,0.42625
0.031813,0.071288,0.086993,0.13992,0.22822,0.44176
0.0076217,0.012668,0.020617,0.059983,0.2165,0.68261
0.020492,0.059538,0.10985,0.19156,0.25824,0.36033
0.014625,0.059647,0.11173,0.18872,0.26097,0.36431
0.026536,0.068211,0.081101,0.13046,0.21568,0.47801
0.011511,0.033309,0.04254,0.09556,0.18537,0.63171
0.016323,0.045653,0.07181,0.15104,0.28753,0.42764
0.13986,0.04996,0.060666,0.10664,0.21984,0.42303
0.0031619,0.024098,0.048229,0.10069,0.2104,0.61343
0.0047226,0.024139,0.036123,0.070722,0.22288,0.64142
0.017565,0.083015,0.12246,0.18341,0.19153,0.40202
0.006813,0.01452,0.025671,0.11995,0.25154,0.58151
0.018668,0.033483,0.0433,0.089018,0.19751,0.61802
0.0033721,0.015433,0.021765,0.045108,0.21703,0.69729
0.03565,0.078688,0.10909,0.15767,0.23157,0.38734
0.010824,0.022631,0.036269,0.081797,0.20816,0.64032
0.012466,0.050902,0.068955,0.12137,0.21642,0.52988
0.0017467,0.0085638,0.0209,0.086099,0.24178,0.64091
0.025323,0.060885,0.075279,0.11725,0.17667,0.54459
0.024879,0.070924,0.076245,0.13603,0.24187,0.45004
0.010893,0.027984,0.045362,0.10081,0.28413,0.53082
0.014819,0.053874,0.054642,0.10349,0.20427,0.56891
0.014038,0.05224,0.049579,0.1619,0.2526,0.46965
0.0032508,0.015498,0.080851,0.14758,0.21832,0.5345
0.0076096,0.018899,0.028902,0.08842,0.20482,0.65135
0.0030123,0.016642,0.030499,0.071122,0.15597,0.72276
0.018692,0.040288,0.084393,0.15756,0.22822,0.47084
0.015215,0.055463,0.090947,0.14585,0.20462,0.4879
0.015433,0.025635,0.039237,0.11205,0.22946,0.57818
0.0025554,0.010569,0.035707,0.091351,0.22173,0.63808
0.0041606,0.014144,0.025493,0.10474,0.21526,0.63621
0.040425,0.058232,0.063064,0.10974,0.20554,0.523
0.017083,0.047525,0.066562,0.14706,0.25165,0.47012
0.035161,0.086099,0.11177,0.1601,0.23866,0.36821
0.01027,0.030733,0.060517,0.12534,0.21415,0.55899
0.0072821,0.0213,0.034049,0.067714,0.14614,0.72351
0.015902,0.035763,0.047348,0.096191,0.20293,0.60186
0.031574,0.069052,0.058386,0.077329,0.17165,0.59201
0.0029153,0.016469,0.033527,0.091161,0.2611,0.59483
0.0087821,0.044679,0.069994,0.11882,0.2032,0.55452
0.017358,0.083475,0.11538,0.16103,0.22961,0.39315
0.0086325,0.032763,0.05359,0.12653,0.2456,0.53288
0.10885,0.056287,0.044554,0.062813,0.12336,0.60414
0.032504,0.042172,0.045265,0.069262,0.13044,0.68035
0.010889,0.038165,0.086358,0.19019,0.27878,0.39562
0.0058992,0.031,0.051589,0.099454,0.19927,0.61279
0.064168,0.093256,0.087648,0.12659,0.18778,0.44056
0.0069222,0.025801,0.035432,0.064164,0.18706,0.68062
0.034824,0.03642,0.044924,0.073953,0.18271,0.62717
0.028647,0.061026,0.076156,0.11051,0.18805,0.53561
0.0057537,0.014669,0.0377,0.08952,0.19981,0.65254
0.016367,0.044157,0.061038,0.11202,0.23222,0.5342
0.040805,0.06213,0.069214,0.10086,0.18951,0.53748
0.02179,0.035234,0.038319,0.055624,0.096236,0.7528
0.028748,0.096733,0.11257,0.13472,0.20689,0.42033
0.037195,0.077042,0.10441,0.1377,0.1761,0.46756
0.065118,0.10355,0.10225,0.13765,0.18943,0.402
0.13369,0.10365,0.077248,0.10175,0.16325,0.42041
0.0089115,0.047024,0.056409,0.11509,0.26511,0.50745
0.064006,0.13699,0.12248,0.161,0.19189,0.32363
0.019432,0.11954,0.12643,0.14698,0.20255,0.38507
0.064261,0.14006,0.15445,0.18808,0.18917,0.26397
0.049515,0.048682,0.048714,0.10425,0.19357,0.55527
0.16065,0.10795,0.077612,0.092128,0.12199,0.43967
0.04142,0.067229,0.073217,0.12558,0.19456,0.49799
0.033758,0.065571,0.057553,0.095281,0.15858,0.58926
0.010408,0.020201,0.029626,0.05672,0.14351,0.73953
0.0096353,0.027107,0.047942,0.10071,0.20919,0.60542
0.012203,0.031676,0.039402,0.090539,0.21879,0.60739
0.034934,0.055042,0.053599,0.083014,0.13176,0.64165
0.039912,0.059073,0.047465,0.05226,0.077305,0.72399
0.02895,0.055264,0.068385,0.13013,0.19325,0.52402
0.0055232,0.023132,0.029901,0.080564,0.21014,0.65074
0.0016497,0.017022,0.040826,0.078659,0.17764,0.68421
0.010347,0.13618,0.16547,0.22238,0.22197,0.24366
0.010755,0.034837,0.044218,0.0735,0.19695,0.63974
0.006247,0.028388,0.04066,0.074697,0.13969,0.71031
0.026803,0.056732,0.0716,0.11965,0.20929,0.51593
0.033297,0.11991,0.13413,0.16928,0.18817,0.3552
0.0045892,0.032339,0.039702,0.11786,0.2762,0.52931
0.0013343,0.014467,0.042035,0.11097,0.19609,0.6351
0.0087377,0.030479,0.061301,0.083228,0.15726,0.65899
0.064047,0.025817,0.032796,0.084975,0.15347,0.6389
0.098322,0.14566,0.11437,0.12235,0.14402,0.37529
0.0051108,0.038646,0.099127,0.19663,0.24459,0.4159
0.038574,0.033912,0.027648,0.050877,0.14075,0.70824
0.0066392,0.014204,0.032205,0.073225,0.16712,0.70661
0.0058669,0.043045,0.082246,0.15268,0.24743,0.46873
0.034385,0.084906,0.087296,0.1335,0.17502,0.48489
0.030034,0.085953,0.11652,0.16601,0.22768,0.3738
0.01382,0.030309,0.054254,0.093612,0.15072,0.65728
0.042184,0.073112,0.077228,0.10339,0.1519,0.55219
0.10447,0.071943,0.065316,0.10109,0.14186,0.51532
0.062284,0.059429,0.076431,0.12157,0.18998,0.4903
0.028659,0.061956,0.089095,0.1464,0.1739,0.49999
0.033062,0.072162,0.086641,0.12636,0.1884,0.49338
0.065526,0.1391,0.13036,0.14184,0.18142,0.34175
0.039912,0.058103,0.064649,0.10148,0.18715,0.5487
0.044008,0.11932,0.12968,0.18357,0.20721,0.31621
0.019408,0.086152,0.12326,0.15094,0.24083,0.3794
0.037348,0.067682,0.075291,0.11002,0.17839,0.53127
0.14403,0.11136,0.095273,0.11859,0.16292,0.36782
0.064855,0.082035,0.073375,0.11153,0.18782,0.48039
0.0085072,0.10574,0.13265,0.19552,0.24775,0.30983
0.012021,0.036325,0.042536,0.095807,0.26572,0.54759
0.023799,0.064301,0.078732,0.10938,0.22661,0.49718
0.055701,0.087082,0.093466,0.16336,0.2165,0.38389
0.0065583,0.035149,0.052806,0.11857,0.21872,0.5682
0.0094978,0.076019,0.086823,0.11325,0.21103,0.50339
0.027616,0.072141,0.067847,0.10328,0.24085,0.48827
0.033123,0.069271,0.07688,0.13494,0.21463,0.47116
0.01868,0.10001,0.086414,0.13984,0.2366,0.41845
0.0168,0.030535,0.049426,0.086633,0.13089,0.68572
0.013727,0.047752,0.054448,0.0888,0.18966,0.60561
0.045783,0.11339,0.1056,0.12916,0.1824,0.42367
0.11927,0.11434,0.10154,0.12768,0.15584,0.38132
0.24952,0.047655,0.048641,0.073548,0.12936,0.45127
0.06849,0.10171,0.097125,0.1101,0.17642,0.44616
0.014455,0.059045,0.06955,0.12116,0.22099,0.5148
0.0074276,0.052135,0.075412,0.12223,0.20496,0.53784
0.070079,0.1695,0.1178,0.12048,0.18758,0.33456
0.010319,0.035258,0.054969,0.11097,0.23794,0.55054
0.0024745,0.017965,0.04121,0.092346,0.20564,0.64037
0.0059639,0.017289,0.023427,0.08489,0.17759,0.69084
0.016165,0.035141,0.040106,0.056053,0.13028,0.72225
0.014652,0.056648,0.066688,0.11754,0.23269,0.51178
0.034554,0.08242,0.083354,0.1271,0.18567,0.4869
0.090688,0.10828,0.076512,0.075178,0.095973,0.55337
0.01807,0.060796,0.074466,0.16623,0.28785,0.39259
0.052066,0.08717,0.089831,0.13817,0.2034,0.42937
0.033463,0.05917,0.074604,0.10635,0.14712,0.57929
0.019024,0.034805,0.034728,0.070961,0.15038,0.6901
0.0049976,0.019149,0.043612,0.10586,0.18778,0.6386
0.020354,0.026472,0.027875,0.074616,0.13778,0.71291
0.020896,0.081425,0.059332,0.07705,0.1664,0.5949
0.010832,0.037761,0.045071,0.077264,0.14897,0.6801
0.027373,0.064993,0.061435,0.086346,0.1683,0.59155
0.0005782,0.0090773,0.023924,0.056506,0.11796,0.79196
0.054553,0.075833,0.090138,0.14439,0.22282,0.41226
0.053772,0.081676,0.10277,0.13463,0.18694,0.44021
0.00015339,0.011756,0.048961,0.12473,0.23736,0.57705
0.12867,0.14518,0.11463,0.14169,0.18272,0.28711
0.044675,0.13159,0.13672,0.18215,0.23337,0.27149
0.030721,0.058139,0.070969,0.10764,0.17766,0.55487
0.057747,0.068337,0.054161,0.077794,0.099167,0.64279
0.012203,0.032108,0.044732,0.078271,0.16093,0.67176
0.083976,0.13502,0.11951,0.13835,0.2156,0.30754
0.029254,0.088966,0.1041,0.14644,0.20642,0.42483
0.0025392,0.030818,0.047623,0.08933,0.14742,0.68227
0.051795,0.13458,0.14833,0.1865,0.20674,0.27205
0.070856,0.071515,0.072202,0.10484,0.15387,0.52672
0.15141,0.18462,0.15351,0.16212,0.14162,0.20672
0.033839,0.050497,0.053344,0.085282,0.17642,0.60062
0.0055394,0.0474,0.06602,0.099543,0.17706,0.60444
0.16829,0.14889,0.08605,0.092544,0.15215,0.35207
0.010286,0.029347,0.056975,0.11076,0.19098,0.60165
0.0098698,0.03717,0.069691,0.12668,0.22381,0.53278
0.01657,0.085404,0.095484,0.15091,0.24161,0.41002
0.024001,0.078643,0.08138,0.12515,0.15818,0.53264
0.036908,0.045512,0.053235,0.088509,0.15532,0.62052
0.08504,0.086103,0.082694,0.13264,0.1884,0.42512
0.074482,0.1284,0.13212,0.14912,0.17815,0.33772
0.058576,0.082666,0.077264,0.099054,0.16446,0.51798
0.016262,0.031494,0.057634,0.10214,0.18908,0.60339
0.11944,0.050105,0.054989,0.10299,0.16199,0.51048
0.16482,0.13521,0.10433,0.12111,0.14685,0.32768
0.028287,0.074325,0.075255,0.11863,0.19451,0.509
0.023799,0.064301,0.078732,0.10938,0.22661,0.49718
0.00091784,0.017783,0.047695,0.10907,0.19858,0.62595
0.014609,0.070447,0.076108,0.14565,0.23899,0.45419
0.0070759,0.020969,0.029589,0.061188,0.14436,0.73681
0.033515,0.075089,0.065005,0.1063,0.17313,0.54697
0.064322,0.058459,0.07876,0.14165,0.20209,0.45472
0.013901,0.036495,0.03548,0.060116,0.13947,0.71454
0.12569,0.092928,0.078376,0.11852,0.18422,0.40027
0.02086,0.069586,0.095427,0.17289,0.25452,0.38671
0.0098779,0.038626,0.059154,0.18523,0.22197,0.48514
0.038881,0.10624,0.12902,0.16823,0.23516,0.32247
0.21266,0.092694,0.061685,0.083422,0.11491,0.43462
0.0086932,0.025461,0.039358,0.095419,0.19669,0.63438
0.0019125,0.011657,0.026625,0.090648,0.23326,0.6359
0.027341,0.067609,0.071786,0.13009,0.2316,0.47158
0.21646,0.14771,0.11697,0.12943,0.14196,0.24746
0.015158,0.054047,0.058653,0.11697,0.18742,0.56775
0.11635,0.12017,0.10866,0.14,0.19141,0.3234
0.017399,0.045892,0.058758,0.11084,0.20552,0.56159
0.05203,0.039839,0.044808,0.096656,0.21521,0.55146
0.081833,0.14742,0.11768,0.14953,0.22979,0.27375
0.017447,0.063808,0.098039,0.14223,0.20325,0.47523
0.0035662,0.028599,0.044068,0.10099,0.26509,0.55769
0.017678,0.12092,0.15262,0.22789,0.22852,0.25237
0.12388,0.16454,0.14628,0.17506,0.1802,0.21005
0.11635,0.12017,0.10866,0.14,0.19141,0.3234
0.043664,0.072497,0.078356,0.13147,0.24563,0.42838
0.007832,0.063966,0.080758,0.13141,0.19346,0.52257
0.57985,0.044453,0.042471,0.056089,0.058305,0.21883
0.025332,0.10344,0.14324,0.19471,0.23382,0.29946
0.047659,0.042637,0.036697,0.066828,0.16105,0.64512
0.074693,0.1299,0.12112,0.14211,0.18453,0.34765
0.034732,0.050412,0.044897,0.054844,0.10565,0.70947
0.03616,0.063606,0.073625,0.14082,0.21101,0.47478
0.030107,0.047703,0.067649,0.11943,0.24928,0.48583
0.02124,0.064136,0.069602,0.12501,0.2139,0.50611
0.091659,0.092815,0.078615,0.079161,0.11654,0.54121
0.032897,0.10578,0.11181,0.15729,0.24282,0.34939
0.1802,0.14117,0.077297,0.12816,0.23698,0.2362
0.058851,0.041068,0.04254,0.072881,0.14419,0.64047
0.0015486,0.01414,0.046365,0.11762,0.27755,0.54277
0.059203,0.10407,0.10934,0.13603,0.16277,0.42859
0.01621,0.036414,0.044141,0.083758,0.13111,0.68837
0.048743,0.083475,0.08299,0.11372,0.1769,0.49418
0.034106,0.075416,0.10577,0.17762,0.16223,0.44485
0.0098779,0.038626,0.059154,0.18523,0.22197,0.48514
0.006809,0.029727,0.071834,0.16066,0.25798,0.47299
0.058697,0.07238,0.076201,0.13452,0.19848,0.45972
0.010165,0.051027,0.067746,0.12869,0.23015,0.51222
0.02952,0.04981,0.051686,0.067787,0.14797,0.65323
0.0075449,0.020568,0.031631,0.064799,0.15726,0.7182
0.068353,0.12025,0.11793,0.19582,0.25065,0.24701
0.01196,0.037599,0.058345,0.11822,0.23718,0.53669
0.020916,0.059308,0.072586,0.11461,0.25549,0.47709
0.033471,0.055151,0.046543,0.068878,0.1216,0.67436
0.0069505,0.026981,0.061338,0.17132,0.26078,0.47263
0.10786,0.15472,0.057747,0.080062,0.14281,0.4568
0.1325,0.14558,0.11845,0.12793,0.15136,0.32418
0.086912,0.055135,0.07088,0.11577,0.19826,0.47304
