19.492
60.316
30.916
56.602
55.078
38.311
65.822
57.229
51.034
25.118
57.13
72.5
47.326
56.45
57.429
66.474
61.332
66.638
16.938
54.055
59.501
52.573
19.348
43.93
43.332
57.491
48.668
61.759
53.515
51.539
57.942
43.928
70.855
53.39
36.674
47.326
25.339
42.419
47.888
38.911
56.991
69.753
53.62
54.055
40.46
69.609
45.074
63.902
19.489
52.801
34.509
52.088
50.424
37.408
45.391
46.685
51.05
36.055
42.066
29.035
66.839
46.076
65.367
32.083
51.504
79.927
51.853
36.871
34.976
55.569
43.194
54.041
74.599
44.963
39.414
34.762
31.338
32.819
37.292
60.565
11.654
55.095
60.424
48.655
28.896
67.788
53.71
41.795
51.611
64.823
55.899
40.518
41.622
18.751
20.557
59.423
50.616
36.835
44.697
29.439
36.438
40.642
52.801
60.316
57.213
44.25
44.237
54.339
45.902
17.907
37.46
29.439
43.205
46.353
20.911
85.794
29.439
54.061
28.061
48.872
37.869
35.624
33.691
63.902
26.49
49.869
17.858
32.923
46.31
37.645
60.745
50.858
57.943
53.326
65.722
45.98
37.394
63.012
51.531
40.22
63.757
38.872
34.784
57.229
42.362
39.898
42.748
65.722
60.841
73.906
34.88
62.13
33.192
45.074
48.678
45.451
46.838
46.777
32.913
30.828
42.298
38.484
37.517
43.493
46.013
76.176
54.584
43.366
33.192
63.436
23.221
38.956
44.178
50.693
42.053
48.872
32.819
38.911
28.768
59.715
47.383
28.14
63.436
63.586
37.119
36.085
40.648
46.94
51.541
45.902
52.774
37.633
47.406
33.639
39.414
28.768
50.368
66.718
45.721
56.52
36.859
42.024
34.603
33.68
50.424
23.833
29.417
49.918
57.204
47.139
46.143
41.576
48.674
34.877
71.523
27.826
40.518
39.497
51.362
40.409
38.431
58.33
32.397
33.887
35.002
59.994
48.005
46.935
38.911
55.063
31.338
46.054
53.77
67.311
45.754
53.77
59.567
21.262
25.043
30.717
69.18
45.488
65.822
51.621
44.763
67.289
50.804
27.126
40.144
49.547
38.872
58.781
54.061
46.906
18.707
78.651
61.641
62.656
45.391
49.779
55.501
46.941
30.313
41.778
38.601
45.302
50.096
65.178
48.726
51.597
19.348
35.691
18.589
54.878
65.11
41.022
29.366
71.933
42.497
41.373
50.614
20.544
35.473
45.763
44.627
31.655
46.459
58.023
85.938
31.536
35.131
32.397
47.829
49.901
30.817
48.849
34.673
49.575
32.328
30.415
65.15
31.785
37.075
57.632
57.213
54.338
54.019
68.849
60.32
48.7
42.081
38.877
46.635
42.346
29.803
49.139
44.108
42.054
29.803
68.031
64.244
48.678
49.744
42.298
46.8
36.7
43.179
43.966
41.423
48.678
51.56
55.07
65.243
70.786
36.7
35.862
51.702
65.173
41.566
50.701
45.77
71.523
35.457
19.624
44.25
40.105
21.238
46.799
28.066
40.426
37.91
24.432
27.653
42.298
57.846
34.842
45.377
43.194
40.914
52.232
34.448
49.443
76.445
41.732
17.907
41.654
67.219
60.302
45.09
40.711
50.805
42.48
65.367
35.515
64.413
57.429
75.988
61.346
30.313
18.425
71.834
38.911
38.291
57.746
73.906
24.468
38.291
44.906
48.668
62.296
39.291
61.956
57.087
63.081
78.043
36.859
20.605
54.784
22.097
81.663
45.391
37.651
78.361
34.784
35.391
43.304
29.398
16.964
65.722
38.911
26.382
54.511
49.31
54.977
26.531
36.438
48.667
34.806
19.461
46.109
18.707
36.438
31.536
34.784
28.159
39.414
36.345
40.961
45.488
19.819
65.137
45.57
22.646
25.153
32.434
48.678
42.907
33.639
56.81
27.178
39.905
22.715
29.22
72.263
37.411
59.618
27.126
27.902
56.895
46.635
53.894
53.273
27.608
59.983
62.783
38.911
50.811
73.897
75.8
34.967
57.901
52.544
26.363
14.881
55.159
68.031
45.429
59.019
28.066
49.407
50.44
30.063
61.935
40.459
56.131
45.763
67.352
75.005
38.911
31.793
46.109
18.592
41.948
40.518
38.992
29.944
58.781
51.053
39.445
46.595
41.613
43.738
57.229
54.019
68.51
38.858
56.65
44.066
38.524
18.751
56.454
37.517
81.464
61.641
45.074
29.803
56.991
66.718
27.371
67.727
60.716
30.271
48.701
54.857
32.434
29.439
65.676
48.678
40.83
28.588
9.8983
50.87
73.906
49.565
49.547
29.439
43.194
28.768
37.072
67.709
43.953
51.531
23.833
21.581
39.414
43.479
46.619
64.217
44.65
55.252
28.2
50.142
56.134
45.429
57.812
67.219
40.826
75.635
43.173
37.36
36.51
54.38
12.604
66.593
39.949
43.784
38.724
48.488
48.726
60.754
61.73
46.057
46.799
49.821
36.07
42.054
58.985
45.98
63.819
37.408
51.544
50.44
56.585
53.248
71.402
45.493
45.551
45.488
37.265
66.018
71.788
28.034
53.954
36.438
55.256
52.317
43.148
34.279
21.338
69.19
73.906
58.672
43.363
32.194
39.903
42.682
57.28
54.38
62.404
48.678
40.385
37.827
71.082
40.426
30.808
71.012
57.229
57.943
37.408
61.641
37.359
36.438
38.911
40.53
55.549
71.012
47.592
42.465
29.085
42.682
69.19
29.974
23.221
62.341
42.441
54.802
45.074
48.783
37.552
48.678
44.911
34.179
35.002
44.726
21.889
30.158
40.796
39.157
52.628
32.888
33.236
50.259
60.155
53.67
53.649
52.814
53.649
63.395
50.081
21.805
69.522
53.109
29.125
17.086
20.584
2.4671
42.33
37.668
34.53
14.084
24.34
48.865
24.074
51.238
39.89
63.385
45.934
33.549
28.146
28.934
56.59
78.231
17.305
53.925
59.261
28.892
23.179
10.905
59.261
31.805
62.313
40.025
43.673
52.591
26.169
43.673
62.313
36.549
28.892
39.457
57.315
41.6
51.542
50.773
33.947
27.241
39.457
47.807
22.479
61.735
14.556
42.016
25.12
45.487
23.427
57.083
68.753
51.416
36.072
45.443
32.742
45.887
54.686
35.325
50.174
41.731
18.476
23.878
65.338
22.966
44.26
57.511
51.551
52.708
31.255
58.347
67.44
34.225
19.129
52.511
58.867
63.318
47.89
55.801
45.69
58.347
17.047
23.135
34.16
15.111
37.809
55.25
20.88
32.488
20.379
32.071
49.28
44
30.951
30.384
41.177
52.827
48.868
20.379
46.032
23.179
47.329
52.38
35.731
16.146
39.342
29.774
52.659
12.991
44.023
37.496
35.731
53.451
57.123
34.24
60.351
52.723
8.8874
8.9371
50.081
26.904
26.651
44.363
25.401
45.058
62.202
49.597
58.744
33.262
28.442
117.19
63.775
68.863
31.208
47.658
44.637
56.851
46.122
27.751
53.851
45.058
26.453
43.41
17.716
68.863
55.25
42.213
25.12
39.782
43.749
52.559
51.999
43.851
39.166
45.595
35.71
54.175
29.149
44.25
30.902
29.878
49.212
58.925
45.027
38.223
32.074
44.394
26.287
43.6
47.414
17.222
25.026
33.287
2.3689
38.149
78.859
26.444
46.622
44.691
25.026
67.587
34.802
57.648
24.07
63.532
79.939
44.47
10.113
32.83
40.957
50.333
59.147
49.595
17.82
52.674
20.574
36.871
53.327
43.035
49.64
34.99
52.034
52.674
17.79
40.118
42.22
31.655
36.871
34.489
54.224
77.976
45.155
48.899
49.152
45.155
65.501
34.538
22.748
36.637
46.324
49.161
30.74
5.6699
27.962
42.194
57.72
18.506
47.813
48.958
53.138
36.141
46.875
35.168
43.377
43.941
20.499
6.406
36.795
51.733
68.986
36.881
45.574
32.644
47.864
66.104
55.549
37.179
47.74
54.193
28.584
4.8852
52.74
54.191
24.852
33.598
41.253
41.284
58.744
42.926
29.307
28.584
39.565
42.316
49.07
41.708
40.392
59.498
66.502
49.361
40.156
70.132
49.802
57.75
45.098
15.146
31.227
9.6182
43.428
62.172
35.028
76.941
15.843
66.695
17.192
25.789
38.299
32.673
51.506
36.45
48.01
53.799
18.628
30.105
21.581
41.593
31.227
66.266
42.391
44.89
20.096
11.327
31.554
54.175
17.374
88.503
66.17
15.674
43.489
38.538
6.2995
56.664
37.062
48.608
29.94
73.479
40.224
58.159
29.56
53.393
14.129
8.967
37.497
28.242
36.347
8.967
36.207
41.075
64.035
34.812
31.042
39.625
54.098
44.326
23.748
9.7215
53.729
64.65
28.362
25.948
39.198
37.744
62.434
70.879
35.567
32.306
40.837
52.853
44.654
48.338
40.062
41.971
39.722
35.433
36.111
29.998
45.017
77.406
53.908
60.2
29.844
28.065
31.198
50.281
58.655
42.069
49.438
23.133
40.461
42.319
20.842
24.709
67.464
27.931
25.628
26.914
52.577
54.806
33.296
41.166
62.171
45.422
32.669
51.955
37.981
35.597
43.82
35.151
32.964
25.691
32.878
40.182
41.513
35.185
31.619
49.271
53.578
42.998
51.11
24.56
54.945
34.815
29.217
56.365
50.127
59.527
29.818
53.464
55.767
33.721
31.208
51.82
32.452
47.099
37.003
45.731
49.373
45.829
43.986
50.702
58.489
37.232
36.524
60.772
51.224
42.207
55.426
31.716
34.3
52.436
39.594
28.79
50.887
39.554
36.658
61.468
30.733
44.189
62.209
31.805
15.803
41.33
39.257
43.728
34.434
41.741
44.47
55.906
57.438
64.359
39.445
59.432
51.609
41.405
50.182
42.039
55.472
45.045
45.137
30.674
37.442
58.646
47.714
24.546
25.294
41.953
38.536
23.493
30.533
35.613
33.743
45.337
48.893
29.3
57.476
28.89
48.816
44.026
30.269
59.924
30.119
36.048
38.934
30.968
49.163
50.693
34.901
65.256
33.294
29.632
12.344
28.895
23.469
25.392
36.46
31.454
43.258
35.95
50.61
41.588
29.476
64.484
27.522
35.33
28.448
49.33
50.738
34.751
46.517
39.949
32.358
52.088
41.375
43.784
64.624
41.682
53.136
40.723
34.763
36.656
53.485
45.039
60.36
30.318
33.028
49.365
52.365
18.039
55.284
33.084
56.396
33.914
56.896
32.34
63.57
81.508
31.319
45.459
53.758
14.553
75.627
40.689
40.707
60.764
31.947
34.006
71.863
39.312
40.402
17.516
41.63
31.549
76.788
50.981
21.878
94.301
33.759
32.221
55.163
47.117
32.275
32.387
44.528
39.656
56.874
47.022
59.438
30.376
51.891
24.908
73.532
48.926
55.32
28.961
39.814
41.816
44.595
38.555
41.617
69.027
54.07
54.966
45.685
53.189
21.806
34.015
42.189
47.392
76.602
37.487
45.564
31.018
29.101
42.439
72.765
51.286
34.166
41.215
88.497
45.663
28.072
46.234
40
37.188
46.883
33.974
57.545
42.885
77.373
42.87
30.993
47.309
64.491
53.387
56.544
66.214
44.582
49.272
41.321
66.852
58.54
32.411
23.18
23.188
27.04
55.76
45.618
30.999
41.012
31.983
38.434
39.719
53.07
60.107
38.537
59.591
59.898
37.527
41.761
75.188
53.837
25.027
31.545
46.109
43.728
30.238
54.493
46.833
23.349
39.467
60.073
33.587
76.967
30.566
66.725
39.991
58.273
35.573
26.175
39.457
50.915
78.612
71.499
42.985
48.471
38.66
41.958
51.121
45.841
28.069
32.857
53.16
50.729
48.554
56.878
48.415
36.7
60.856
39.435
32.409
42.795
30.9
77.014
33.079
35.705
44.392
53.932
27.649
55.443
41.607
49.383
40.626
34.974
70.453
48.406
59.603
40.89
54.614
42.686
39.087
45.846
44.201
42.199
55.75
48.831
26.469
67.292
36.222
41.272
16.896
22.453
46.487
69.06
45.337
57.904
31.36
69.482
42.401
65.423
85.445
51.928
63.842
51.033
31.966
64.794
78.071
27.278
63.696
23.132
42.454
42.222
33.89
42.949
67.606
39.658
63.196
22.367
60.093
43.053
38.968
21.055
47.177
58.999
44.655
36.09
46.155
40.77
36.853
56.81
50.867
56.93
36.912
30.783
58.355
44.332
28.472
41.773
43.009
37.221
20.34
54.598
29.99
40.353
50.492
30.149
39.227
50.948
43.169
46.112
62.631
60.889
31.671
47.987
42.804
61.732
50.142
43.264
53.623
78.005
65.194
55.441
34.664
51.06
45.178
50.202
65.173
74.746
62.796
35.931
51.559
20.088
43.679
55.213
41.266
51.338
61.183
64.703
33.305
28.091
27.459
53.446
43.043
20.334
42.527
51.567
84.302
74.574
53.614
36.107
62.007
56.81
56.908
52.704
29.93
62.926
68.958
33.572
41.631
60.562
64.52
41.445
44.751
60.819
44.117
65.119
42.609
52.569
41.799
45.538
17.512
47.027
27.343
85.295
57.856
34.797
41.799
42.797
55.792
33.942
28.557
46.43
55.833
58.494
59.659
22.486
45.582
34.793
60.056
35.752
43.081
35.86
58.302
50.455
57.999
47.416
64.52
38.354
78.686
56.746
14.765
34.89
37.668
73.408
15.487
31.517
44.509
36.698
35.884
31.585
