0.14428
0.12831
0.43131
0.091494
0.30036
0.28908
0.10535
0.34662
0.19211
0.19419
0.068754
0.060916
0.10076
0.23877
0.020934
0.080244
-0.033579
0.14456
0.033527
0.42177
0.086946
0.097228
0.3241
0.15237
0.20168
0.094967
0.18135
0.057923
0.095409
0.091576
0.48046
0.14337
0.33394
0.13318
0.42121
0.10076
0.094068
0.10591
0.41616
0.29505
0.23831
0.043358
0.44657
0.42177
0.65106
0.17402
0.30404
0.29502
0.16327
0.30001
0.041062
0.16888
0.19239
0.25335
0.36907
0.065454
0.2394
0.29747
0.092768
0.070389
0.20874
-0.078949
0.16141
0.12802
0.028131
0.17141
0.23586
0.3528
0.26935
0.074593
0.18795
0.23873
0.17758
0.1021
0.22739
0.19183
0.25434
0.097486
0.065369
0.14411
0
0.079256
0.078396
0.099397
0.090379
0.19961
0.16078
0.18754
0.078266
0.11047
0.099256
0.10394
0.16872
0.09033
0.15315
0.17176
0.10919
0.18227
0.17226
0.093927
0.071669
0.21872
0.30001
0.12831
0.11226
0.0076584
0.20116
0.62843
0.4383
0.076246
0.15297
0.093927
0.106
0.051534
0.065464
0.32532
0.093927
0.26156
0.22374
0.77316
0.25103
0.034753
0.064148
0.29502
-0.42775
0.20834
0.47517
0.045815
0.096829
0.17535
0.56257
0.27188
0.19631
0.27096
0.086948
0.24306
0.15589
0.15503
0.20543
0.0043931
0.09094
0.30485
0.1678
0.34662
0.042199
0.041005
0.56823
0.086948
0.15605
0.36492
0.18105
0.097944
0.09493
0.30404
0.14828
0.047303
0.13233
0.11547
0.43957
0.30062
0.23775
0.31762
0.071206
0.06098
0.085997
0.12433
0.107
0.44372
0.09493
0.31993
0.10934
0.13264
0.12106
0.27787
0.073173
0.77316
0.097486
0.29505
0.085109
0.21848
0.29099
0.32969
0.31993
0.32019
0.30581
0.6035
0.044041
0.16096
0.045244
0.4383
0.25596
0.12094
0.11521
0.1718
0.22739
0.085109
0.049522
0.104
0.21739
0.13841
0.4034
0.2525
0.12627
-0.053048
0.19239
0.34707
0.065543
0.73278
0.034617
0.13498
0.35085
0.35263
0.066656
0.093539
0.50288
0.003768
0.10394
0.1191
0.14717
0.42237
0.1285
0.18471
0.19785
0.18758
0.13638
0.37557
0.12229
0.059304
0.29505
0.040349
0.089579
0.37914
0.11386
0.099058
0.13196
0.11386
0.33915
0.14613
0.25728
0.068639
0.10653
0.082689
0.10535
0.13911
0.081888
0.14082
0.060713
0.13796
0.10706
0.22451
0.30485
0.24722
0.26156
0.24564
0.2275
0.10173
0.49188
0.036988
0.36907
0.16478
0.21487
0.021279
0.37279
0.11194
0.16881
0.35248
0.071958
0.075461
0.043631
0.028027
0.3241
0.16047
0.23086
0.097981
0.24776
0.24127
0.12826
0.23517
0.081848
0.09589
0.18493
0.061839
0.16155
0.028061
0.079292
0.0709
0.36451
0.39049
0.32404
-0.0022407
0.16266
0.19785
0.27397
0.14886
0.22187
0.1993
-0.057641
0.16632
0.15311
0.23274
0.24179
0.071494
0.22589
0.098937
0.11226
0.076207
0.40826
0.17995
0.17582
0.25796
0.12304
0.23273
0.053038
0.24296
0.089142
0.098726
0.062267
0.11099
0.089142
0.65987
0.23625
0.14828
0.17649
0.23775
0.080721
0.16402
0.24016
0.51149
0.057942
0.14828
0.20915
0.30565
0.32819
0.10617
0.16402
0.35018
0.14814
0.13041
0.12073
0.14208
0.10802
0.50288
0.126
0.17306
0.0076584
0.446
0.040703
0.089047
0.12157
0.17447
0.68589
0.26073
0.15062
0.23775
0.17007
0.015006
0.13889
0.18795
0.010857
0.0013246
0.18981
0.10398
0.10749
0.018404
0.076246
0.17873
0.24305
0.047159
0.072874
0.08475
0.15278
0.40235
0.16141
0.1537
0.075817
0.020934
0.080766
0.057339
0.37279
-0.089115
0.321
0.29505
0.24321
0.20036
0.36492
0.046036
0.24321
0.14484
0.18135
0.13414
0.24306
0.12859
0.2259
0.26911
0.16409
0.4034
0.097228
0.044646
0.15358
0.15246
0.36907
0.041152
0.092301
0.1678
0.030836
0.12412
0.023302
0.1046
0.086948
0.29505
-0.20258
0.21406
0.37413
0.12887
0.30719
0.071669
0.060866
0.12122
0.1658
0.17432
0.2275
0.071669
-0.0022407
0.1678
0.41357
0.22739
0.40504
0.32249
0.082689
0.10293
0.13272
0.013853
0.66147
0.25585
0.27942
0.14828
0.047658
0.1718
0.33547
0.38018
0.3874
0.25708
0.34744
0.15893
0.035823
0.25935
0.13796
0.19222
0.10914
0.053038
0.25079
0.073944
-0.1556
0.48443
0.25581
0.29505
0.061536
-0.1868
-0.041232
0.2865
0.12433
0.44812
-0.0091019
0.17483
0.25882
0.65987
0.13552
0.21459
0.12157
0.19422
0.034697
0.12086
0.3191
0.46588
0.28852
0.028061
0.064438
0.21421
0.29505
0.071122
0.17432
0.098958
0.27735
0.10394
0.42417
0.14814
0.24722
0.15063
0.05248
0.12204
0.16966
0.10308
0.34662
0.40826
0.34175
0.027753
0.096404
0.13225
0.094379
0.09033
0.21533
0.071206
0.14517
0.49188
0.30404
0.089142
0.23831
0.104
0.087038
0.010376
0.15188
0.1307
0.14571
0.070844
0.27942
0.093927
0.17343
0.14828
0.13337
0.1508
0.0032571
0.010398
0.36492
0.043187
0.22451
0.093927
0.18795
0.085109
-0.053623
0.15047
0.14031
0.20543
0.34707
0.50683
0.22739
0.048428
0.18168
0.085955
-0.0010293
0.41844
0.021578
0.20882
0.52045
0.13552
0.038573
0.24305
0.18012
0.25723
0.12022
0.28738
0.4036
0.38739
0.19915
0.39698
0.050396
0.033654
0.051864
0.068892
0.043631
0.67483
0.048821
-0.072687
0.089047
0.1062
0.18627
0.11099
0.20783
0.24306
0.17747
0.25335
0.034027
0.034697
0.12041
0.39528
0.32849
0.30779
0.0020194
0.082689
0.15093
0.16886
0.35752
-0.022862
0.28828
0.071669
0.12444
0.088828
0.17843
0.47893
0.012236
0.49578
0.36492
0.15333
0.27275
0.30103
0.24119
0.011962
0.21771
0.38739
0.020152
0.14828
0.010342
0.038904
0.17348
0.17447
0.21105
0.16731
0.34662
0.19631
0.25335
0.49188
0.00021224
0.071669
0.29505
0.17017
0.072782
0.16731
0.054945
0.40094
0.25565
0.011962
0.49578
0.22841
0.10934
0.15726
0.24917
0.037158
0.14275
0.3021
0.075505
0.14828
0.016741
0.2672
0.13638
0.12687
0.24937
0.50283
0.10759
0.096437
0.087904
0.35243
0.12083
0.22371
-0.2357
0.19938
0.13049
0.048802
0.13049
0.044845
0.14607
0.10999
0.064871
0.15087
0.033844
0.08405
0.5918
0.6577
0.038458
0.14506
0.28746
-0.15554
0.29921
0.12706
0.041008
0.11366
0.14242
0.084206
0.028679
0.073521
0.12615
0.062189
0.15971
-0.14142
-0.06016
0.22807
0.10323
0.040269
0.072359
0.34165
0.10323
0.037672
0.15607
0.14029
0.06941
0.049407
0.11768
0.06941
0.15607
0.17316
0.040269
0.1073
0.10017
0.19004
0.074166
-0.21355
0.16061
0.013625
0.1073
0.31904
0.0070227
0.065279
0.11034
0.074634
0.078184
0.10047
0.14588
0.32198
0.13003
0.10123
0.13885
0.068008
0.028721
0.15967
0.10891
0.040782
0.036652
0.097432
0.005575
0.10762
0.10891
0.042174
0.30709
0.073015
0.068638
0.084225
0.011243
0.11475
0.09825
0.019713
-0.057419
0.065086
0.40587
0.085862
0.27081
0.11305
0.18617
0.11475
0.15743
0.048816
0.054434
0.12319
0.13154
0.063436
0.12485
0.068427
0.077016
0.021753
0.037953
0.15327
0.072692
0.061556
0.23882
0.016267
0
0.077016
0.13525
0.1701
0.048463
0.065086
0.02019
0.12846
0.46623
0.16164
0.14372
0.088235
0.11545
0.13464
0.02019
0.11793
0.062791
0.11224
0.026842
0.013858
0.1535
0.14327
0.085178
0.0041408
0.38078
0.088089
0.01072
0.078205
0.1052
0.048656
0.091934
0.045181
0.053189
-0.82239
0.051017
0.10468
0.35994
0.02759
-0.02587
0.086235
0.040485
0.047287
0.034822
0.078205
0.14036
0.10062
0.021895
0.10468
0.063436
0.072891
0.078184
0.31434
0.16827
0.028218
0.11314
0.10436
0.062528
0.14132
0.39293
0.06534
-0.022958
0.0076584
0.097904
0.17454
0.129
0.26259
0.074031
0.020527
0.10333
0.041477
0.0015269
0.059019
0.30017
0.1178
0.064618
0.05348
-0.087132
0.33949
0.087307
0.060635
0.061757
0.10955
0.064618
0.081024
0.045935
0.02216
0.090237
0.062761
0.17892
0.58236
0.42625
0.048085
0.17049
0.15029
0.2344
0.091529
-0.011654
0.10299
0.18182
0.078563
0.076165
0.046673
0.11037
0.24751
0.067763
0.10299
0.5721
0.19843
0.33967
0.10962
0.078563
0.17864
0.03574
0.072007
0.036451
0.080176
0.2379
0.036451
-0.0034956
0.46168
0.12087
0.13499
0.12453
0.029298
0.035377
0.18087
0.0025812
0.032467
0.16791
0.10537
0.051306
0.064066
0.040945
0.11866
0.2338
0.065395
0.0097434
0.03595
0.064934
0.069056
0.10165
0.26269
-0.013467
0.033778
0.10585
0.11636
0.043085
0.13046
0.086452
0.10956
0.07842
0.35355
0.10447
0.019947
0.047103
0.11921
0.13391
0.085875
0.18318
0.080102
0.091934
0.059963
0.06512
0.10447
0.064674
0.029297
0.25947
0.0079603
0.10669
0.12348
0.15311
0.16748
-0.013151
0.13315
0.22138
0.10343
0.038242
0.11174
0.10745
-0.011903
0.1548
0.052949
0.13775
0.047384
0.0013381
0.059957
0.095099
0.1425
0.0077979
0.04904
0
0.30081
0.063352
0.056376
0.43139
0.075867
0.0404
0.041996
0.10745
0.13652
-0.030152
0.24606
0.082926
0.032553
0.086622
0.06534
0.092732
0.10084
0.19146
0.064221
0.16466
0.071113
0.025848
0.094901
0.030909
0.16042
0.19873
0.11161
0.10492
0.11208
0.065233
0.31127
0.051882
0.26313
0.049441
0.091367
0.063226
0.26313
0.051452
0.14741
0.11638
0.055743
0.073527
0.24799
0.12417
0.27344
0.03999
0.17662
0.072392
0.037688
0.063446
0.054651
0.095823
0.21831
0.11615
0.15473
0.061151
0.19734
0.032359
0.084457
0.12904
0.17975
0.047645
0.059017
0.091391
0.08525
0.068927
0.078224
0.10267
0.044695
0.035414
0.082403
0.026156
0.086801
0.10802
0.095147
0.38519
0.26202
0.079436
0.083399
0.092076
0.19189
0.099504
0.069762
0.072511
0.018198
0.0072675
0.041356
0.077909
0.14567
0.026063
-0.010144
0.10678
0.11224
0.033793
0.13321
0.37219
0.068007
0.098575
0.011703
0.12786
0.15851
0.079102
0.117
0.19905
0.13372
0.066314
0.067492
0.066381
0.15485
0.074765
0.090765
0.098145
0.035109
0.26279
0.13137
0.12891
0.12772
0.12522
0.052771
0.27714
0.1236
0.049906
0.080392
0.072789
0.18159
0.10425
0.076099
0.069131
0.10043
0.042537
0.037186
0.14585
0.021164
0.081845
0.044586
0.053477
0.089406
0.15497
0.06393
0.065458
0.058187
0.024428
0.064669
0.12181
0.0527
0.021365
0.09341
0.029612
0.11859
0.064592
0.21658
0.32001
0.11047
0.04212
0.091752
0.054632
0.33801
0.12417
0.12291
0.13674
0.15181
0.23415
0.07818
0.22679
0.17177
0.19583
0.079112
0.15974
0.30683
0.1384
0.03386
0.048848
0.066056
0.14047
0.23479
0.19734
0.055794
0.062932
0.038125
0.017203
0.14352
0.10256
0.28773
0.1087
0.00074946
-0.0083733
0.061015
0.0068867
0.0040485
0.13561
0.13054
0.048352
0.021203
0.094054
0.11046
0.10253
0.1525
0.044438
0.38888
0.16734
0.12356
0.01202
-0.0063482
0.15541
0.14289
0.14482
0.071083
0.054191
0.38007
0.07534
0.63021
0.30211
0.087398
0.14833
0.076185
-0.0030477
0.37257
0.025164
-0.0068599
0.070691
0.13973
0.18067
0.092029
0.0018858
0.074166
0.17433
0.092973
0.074297
0.1283
0.049558
0.10448
0.13057
0.27145
0.046832
0.056169
0.055321
0.020764
0.18964
0.074391
0.049616
0.21112
-0.046063
0.083045
0.13459
0.18596
0.0085494
0.080952
0.014295
0.20528
0.28312
0.020462
0.38096
0.083235
0.10281
0.032164
0.041117
0.32326
0.14172
0.080468
0.072319
0.16796
0.21312
0.06642
0.22952
0.06642
0.061285
0.057075
0.03673
0.089513
0.046135
0.22159
0.062872
0.12412
0.056007
0.28291
0.020736
0.13352
0.11719
0.064552
0.080672
0.10999
0.10636
0.064502
0.086989
0.081149
0.062822
0.25961
0.067214
0.34877
0.11516
0.25066
0.063155
0.17195
0.19164
0.052775
-0.010124
0.093357
0.049501
0.16159
0.16289
0.028947
0.1242
0.051412
0.0060919
0.050692
0.11183
0.040021
0.093522
0.12309
0.12852
0.23617
0.091821
0.052532
0.07331
0.20242
0.063562
0.11679
0.070181
0.17038
0.30673
0.12122
0.1295
0.25729
0.13689
0.032134
0.10259
0.12837
0.19943
0.071999
0.15296
0.064529
0.13551
0.037778
0.091097
0.23968
0.33387
0.084498
0.11345
0.065206
0.27204
-0.0099243
0.00062323
0.15311
0.065758
0.11126
0.070312
0.070729
0.073012
0.13482
0.21207
0.16725
0.11614
0.078987
0.1272
0.087079
0.34784
0.1257
0.09787
0.19373
0.11034
0.11284
0.042625
0.19551
0.16316
0.030315
0.11106
0.17682
0.28177
0.047134
0.071471
0.12722
0.027647
0.026841
0.016038
0.20837
-0.019049
0.10477
0.056438
0.3225
0.16376
0.038892
0.21777
0.02589
0.10278
0.12924
-0.038665
0.064335
0.1668
0.16779
0.14903
0.33043
0.15802
0.20166
0.11461
0.091653
0.11477
0.27672
0.07047
0.1378
0.22738
0.056616
0.37519
0.13481
0.052493
0.21229
0.60615
0.064307
0.068721
0.049036
0.0781
0.14205
0.20675
0.20339
0.02615
0.2438
0.32215
0.10396
0.036873
0.09963
0.11855
0.27038
0.29522
0.092663
0.34674
0.10789
0.088215
0.084554
0.13685
0.14839
0.12826
0.1126
0.14496
0.12631
0.2719
0.25916
0.19755
0.26069
0.070462
0.12239
0.055057
0.16939
0.091721
0.05744
0.10926
0.093019
0.10989
0.1313
0.28828
0.21503
0.071144
0.01938
0.079266
0.04511
0.096679
0.059492
0.036363
0.096027
0.35182
0.069762
0.3093
0.14744
0.13299
0.17779
0.1615
0.29747
0.35635
0.15388
0.087011
0.10422
0.049352
0.36973
0.087863
0.064184
0.10954
0.20405
0.15735
0.13905
0.12578
0.052514
0.097045
0.19042
0.09682
0.1824
0.066894
0.45705
0.10496
0.048884
0.12025
-0.056783
0.18508
0.073908
0.35741
0.11977
0.189
0.090623
0.061956
0.069652
0.028668
0.024144
0.20833
0.095326
0.046189
0.21028
0.024763
0.04453
0.054288
0.28274
0.02262
0.10471
0.048055
0.15315
0.069337
0.23365
0.29413
0.0087147
0.062058
0.24183
0.069917
0.063138
0.069014
0.13502
0.3093
0.01566
0.24669
0.21359
0.19011
0.098722
0.17264
0.045939
0.11614
0.5109
0.011671
0.054072
0.22411
0.098924
0.12791
0.014278
0.28914
0.25282
0.23854
0.1445
0.083066
0.079391
0.15876
0.076108
0.056172
0.25282
0.060326
0.17799
0.13737
0.10864
0.08244
0.12612
0.011005
0.097408
0.16531
0.29424
0.11435
0.087639
0.034391
0.11176
0.14854
0.050274
0.31691
0.095204
0.15573
0.5109
0.084886
0.35966
0.097758
0.0011002
0.13585
0.11857
0.16811
0.14651
0.090927
0.19126
0.37719
0.04891
0.058081
