234.04,9.6052,5.3845,224.02,11.967,5.5746,207.51,12.815,5.6398
168.89,11.51,5.1869,151.04,10.935,5.0185,135.28,10.693,4.927
215.16,12.448,5.5247,205.4,12.499,5.5133,201.89,12.56,5.5368
133.9,11.232,5.0683,83.605,10.44,4.8813,76.796,10.384,4.8295
206.5,12.522,5.4861,175.13,12.526,5.4417,155.35,12.432,5.4019
160.95,11.82,5.3021,121.09,11.594,5.2518,110.76,10.678,5.0589
212.03,12.53,5.4532,186.22,12.629,5.4537,183.97,12.705,5.4741
210.95,11.702,5.2774,133.85,11.046,5.0361,144.87,11.202,5.0788
146.61,10.728,4.9726,137.7,10.714,4.9696,111.47,10.233,4.8507
89.435,9.8839,4.7451,48.146,8.2973,4.3506,8.7761,5.4497,3.4806
186.88,12.481,5.4224,164.92,12.068,5.3137,143.86,11.882,5.2484
71.371,8.2966,4.1306,69.702,8.2059,4.0961,68.132,8.1044,4.0511
141.68,11.438,5.1876,119.91,10.228,4.8508,104.42,9.794,4.6906
66.895,8.9668,4.4091,78.728,9.4023,4.5335,85.478,9.6333,4.6038
59.96,9.2567,4.5365,47.523,8.1638,4.0974,46.258,8.0463,4.07
122.45,10.323,4.8708,91.096,9.6314,4.5683,71.866,9.3526,4.4872
166.39,11.776,5.2195,139.52,11.497,5.1568,122.41,11.076,5.0422
174.79,12.537,5.4442,150.23,12.14,5.3197,141.57,11.751,5.1984
212.89,8.1404,4.6076,158.12,9.3862,4.8911,134.77,9.2528,4.7854
149.1,10.742,4.9299,165.57,11.579,5.2278,178.75,12.149,5.3735
163.13,11.488,5.1698,159.34,11.68,5.211,156.73,11.65,5.1933
135.93,11.285,5.1146,115.26,10.398,4.8845,89.717,9.8577,4.7278
234.8,10.081,5.2175,221.7,11.297,5.1885,220.43,11.474,5.2384
160.36,10.314,4.8271,169.91,11.518,5.1835,164.56,11.622,5.2235
203.85,12.229,5.3616,155.44,11.056,5.0786,131.2,10.104,4.9129
88.664,10.806,4.9954,111.08,11.135,5.0839,131.64,10.835,4.9624
166.6,12.295,5.4067,158.77,11.26,5.1193,147.46,11.421,5.152
142.31,12.318,5.4522,173.2,12.937,5.5943,201.29,13.867,5.7846
119.5,11.546,5.2109,105.34,11.038,5.0578,83.102,10.928,5.0176
114.18,10.548,4.9079,90.138,10.929,5.0376,84.409,10.707,4.9699
114.31,10.634,4.9063,113.77,11.123,5.0575,119.36,11.635,5.1592
121.96,10.293,4.8743,105.36,9.4803,4.6743,110.57,9.5721,4.6121
114.53,11.2,5.0266,93.685,11.024,4.9849,89.129,10.701,4.9614
119.21,10.966,5.0518,113.04,10.205,4.8306,109.94,10.486,4.9301
202.61,11.796,5.3249,160.98,11.07,5.1072,106.22,10.622,4.9609
141.68,11.438,5.1876,119.91,10.228,4.8508,104.42,9.794,4.6906
208.04,11.243,5.2406,199.16,10.88,5.1933,150.86,12.729,5.5125
146.25,11.462,5.1997,142.19,11.623,5.2261,138.97,11.666,5.2336
158.43,11.376,5.1437,145.89,11.008,5.0396,101.85,9.8577,4.7507
169.6,10.372,4.9383,81.141,9.8358,4.7379,81.478,10.626,4.9592
137.72,11.135,5.0697,128.69,10.609,4.932,127.02,10.756,4.9491
90.811,9.9046,4.6566,82.725,9.3158,4.4621,102.03,9.2289,4.5087
66.608,9.6855,4.6123,102.75,10.599,4.9241,123.65,11.21,5.0922
149.1,10.742,4.9299,165.57,11.579,5.2278,178.75,12.149,5.3735
142.59,11.539,5.2546,141.46,11.717,5.2891,137.47,11.645,5.2831
134.04,11.117,5.0553,115.22,10.299,4.8082,113.12,10.631,4.9275
30.497,7.8509,4.0648,50.509,8.9536,4.4051,72.88,9.5485,4.5705
106.4,11.392,5.1179,111.53,11.289,5.1044,119.44,11.386,5.1784
139.98,9.1276,4.8356,141.66,9.7053,4.8863,165.74,11.201,5.1646
56.971,9.1472,4.456,93.194,9.9287,4.6835,117.86,10.161,4.7504
91.289,10.414,4.855,80.822,10.035,4.7812,76.783,9.7451,4.6905
89.596,9.7829,4.6026,88.614,9.5764,4.5651,85.595,9.4948,4.6156
195.4,11.718,5.3338,168.71,11.296,5.0892,152.02,11.036,4.9866
56.997,9.0305,4.4786,95.292,9.7575,4.7137,27.242,8.2388,4.2563
97.108,9.8632,4.7286,137.67,10.242,4.8314,154.98,10.26,4.8243
107.56,11.006,5.0199,79.393,10.429,4.8741,93.932,9.9728,4.7439
161.2,11.128,5.0744,130.78,9.8883,4.6674,110.01,9.9305,4.6982
138.66,7.8893,4.4982,169.87,10.717,4.8882,177,10.89,4.9326
169.28,12.323,5.4083,138.48,11.393,5.1759,87.325,10.583,4.9284
72.014,9.5141,4.711,86.534,9.8623,4.7978,108.65,10.976,5.0964
135.65,10.998,5.0057,128.44,10.647,4.8999,112.91,9.8891,4.6537
142.25,11.22,5.082,152.24,8.6484,4.2792,152.33,9.7912,4.7541
192.49,11.985,5.3078,146.36,10.475,4.8664,125.8,9.8695,4.6652
73.625,8.9862,4.5575,121.96,10.59,4.9853,184.43,11.103,5.1133
185.17,12.371,5.4207,171.9,11.867,5.2744,165.87,11.643,5.1962
124.16,11.554,5.1358,124.87,10.989,5.0017,139.75,10.878,4.9673
143.24,12.022,5.3127,142.45,12.113,5.336,51.248,9.6392,4.7404
169.74,12.65,5.4911,209.18,11.369,5.1566,215.15,11.811,5.3765
159.67,10.877,5.1138,152.85,10.849,5.0619,174.45,11.842,5.2592
105.13,10.383,4.8263,90.603,10.108,4.7484,57.638,9.0687,4.4336
201.69,12.201,5.3876,191.31,10.177,4.8109,194.09,11.732,5.2047
97.556,10.733,4.9487,95.662,10.56,4.9095,95.43,10.471,4.8784
127.76,10.796,4.9226,112.08,10.322,4.7937,105.6,10.105,4.7305
131.34,10.777,4.9876,101.04,10.619,4.9341,89.62,10.455,4.8793
201.28,12.113,5.4755,165.74,12.153,5.4309,168.42,12.435,5.4837
148.84,11.538,5.2143,129.58,10.756,5.0492,118.14,10.565,4.9195
80.622,10.158,4.7787,70.915,9.7824,4.6854,53.676,9.1193,4.537
210.62,13.056,5.6892,204.63,12.453,5.4623,200.77,12.326,5.392
189.85,11.89,5.4094,152.57,11.136,5.1428,87.959,10.101,4.7759
95.601,11.124,5.0136,90.408,10.94,4.9716,84.66,10.404,4.8736
221.83,10.9,5.3547,235.02,7.7893,4.6081,245.72,4.0443,4.0851
149.07,12.559,5.4337,128,11.865,5.2512,117.62,11.424,5.1548
139.79,10.48,4.8743,112.43,10.121,4.7788,94.245,9.8181,4.6666
185.54,12.203,5.43,185.54,12.203,5.43,185.54,12.203,5.43
52.26,8.6036,4.2517,36.931,7.2801,3.8438,34.473,7.3591,3.871
93.11,10.454,4.8503,102.59,10.671,4.8864,105.66,10.557,4.8667
138,10.922,4.9557,143.8,11.66,5.262,107.18,9.641,4.5676
51.413,9.2739,4.489,46.482,9.2579,4.4962,53.039,9.1087,4.4463
195.55,13.015,5.5801,203,13.099,5.668,193.84,12.933,5.5648
138.56,10.92,4.9935,134.54,10.793,4.9558,132.4,10.562,4.9433
128.2,11.304,5.1053,128.2,11.304,5.1053,128.2,11.304,5.1053
141.23,11.268,5.1482,165.59,11.395,5.2083,205.18,11.886,5.412
44.04,8.1217,4.1065,38.743,7.689,3.9486,99.391,10.073,4.7662
183.79,9.1969,4.485,201.02,12.816,5.5204,205.97,12.946,5.5235
211.67,9.1352,4.8299,192.94,9.7258,4.8371,180.19,9.8942,4.7142
107.97,10.009,4.7534,157.23,11.431,5.1748,117.73,10.757,4.9233
134.11,11.098,5.0605,111.92,10.762,4.9467,107.68,10.719,4.9384
87.709,9.7194,4.6534,87.709,9.7194,4.6534,87.709,9.7194,4.6534
74.34,9.1658,4.4492,60.296,8.3421,4.1871,68.643,9.0581,4.4741
234.41,14.299,6.0155,232.63,13.83,5.8012,221.17,13.899,5.8003
193.08,11.313,5.3193,108.56,9.2428,4.4788,62.755,9.2445,4.4813
171.83,12.591,5.6644,167.47,13.299,5.7935,142.53,12.707,5.4507
56.971,9.1472,4.456,93.194,9.9287,4.6835,117.86,10.161,4.7504
168.89,11.51,5.1869,151.04,10.935,5.0185,135.28,10.693,4.927
150.89,11.377,5.1982,130.71,11.56,5.1868,127.14,11.463,5.1424
57.301,9.3954,4.5939,155.92,11.409,5.1933,202.51,12.107,5.3743
37.059,8.2681,4.1826,43.356,8.5026,4.2417,52.22,8.6697,4.2745
162.33,11.195,5.1276,132.29,10.924,4.9865,97.37,10.723,4.9242
100.25,10.478,5.0154,37.487,7.4075,3.82,36.761,7.3254,3.7942
246.93,6.3986,5.6348,227.12,12.157,5.4297,221.64,12.135,5.4018
183.16,9.9362,4.7458,182.05,9.9028,4.738,187.51,9.9106,4.7397
234.41,14.299,6.0155,232.63,13.83,5.8012,221.17,13.899,5.8003
194.69,13.124,5.6202,181.96,13.017,5.6108,152.98,10.303,4.8128
129.79,9.9945,4.7095,146.24,9.7302,4.6469,148.75,9.9032,4.838
96.729,10.514,5.0053,69.892,9.3589,4.7717,53.339,8.1928,4.6234
160.44,11.295,5.04,164.5,11.287,5.0379,166.49,11.288,5.0382
234.41,14.299,6.0155,232.63,13.83,5.8012,221.17,13.899,5.8003
207.66,12.482,5.4689,192.89,12.11,5.3123,186.36,12.091,5.3032
185.93,9.5107,4.9313,177.7,11.386,5.1825,188.8,12.208,5.428
200.27,11.379,5.179,141.18,10.471,4.8941,98.647,8.8427,4.3883
70.163,9.2711,4.5528,71.607,9.0752,4.5253,65.467,9.4955,4.5755
212.3,12.42,5.4698,219.31,12.184,5.4323,217.15,12.534,5.4922
124.58,9.8519,4.906,124.35,9.9302,4.9141,120.99,10.243,4.9261
106.4,11.392,5.1179,111.53,11.289,5.1044,119.44,11.386,5.1784
222.42,10.602,5.2947,204.59,11.324,5.1477,188.33,11.733,5.2528
196.06,13.056,5.6839,167.72,12.964,5.628,160.32,12.463,5.4755
234.91,10.235,5.2123,176.24,10.383,4.9965,174.24,10.822,5.1102
232.2,11.193,5.5129,194.08,11.417,5.2512,173.78,11.007,5.075
166.46,11.471,5.1674,168.23,11.09,5.0795,121.39,10.946,4.9984
91.483,10.562,4.8817,54.829,10.301,4.8033,23.374,7.2974,3.8178
136.02,12.056,5.3092,120.49,11.38,5.1354,125.73,10.808,5.0328
166.47,12.513,5.4503,144.52,11.92,5.3476,135.53,11.469,5.1499
103.95,10.008,4.7424,153.73,11.391,5.1544,113.48,10.672,4.9004
199.15,12.568,5.4844,153.6,10.731,4.9153,142.49,10.892,4.9572
211.74,12.5,5.4498,185.86,12.621,5.4528,183.56,12.697,5.473
100.39,10.116,4.7563,58.543,9.3792,4.5643,38.098,8.9446,4.4803
234.47,11.754,5.2824,209.08,12.205,5.3944,205.76,12.211,5.3892
108.42,10.298,4.7996,122.61,10.117,4.743,129.29,10.235,4.7865
77.104,9.9384,4.6933,53.818,8.5731,4.2994,44.06,8.1657,4.1679
200.88,10.979,5.6279,161.08,12.664,5.456,148.26,12.749,5.4765
102.08,10.469,4.8369,99.057,10.621,4.8926,102.78,10.463,4.8409
168.97,10.55,4.9893,82.101,9.8516,4.7476,82.773,10.64,4.9605
37.769,7.2457,3.8197,57.291,8.6905,4.3415,110.99,9.7893,4.6963
210.95,11.702,5.2774,133.85,11.046,5.0361,144.87,11.202,5.0788
145.61,12.682,5.5391,145.22,12.68,5.5389,145.81,12.48,5.5067
92.511,10.552,4.9968,110.74,11.417,5.1552,91.967,9.4521,4.6204
79.542,8.9001,4.3797,67.448,9.3694,4.5639,71.923,9.329,4.5507
211.74,12.5,5.4498,185.86,12.621,5.4528,183.56,12.697,5.473
150.19,12.682,5.5125,153.47,12.552,5.4397,156.5,12.342,5.3738
147.33,11.863,5.2389,132.28,11.096,5.0033,116.57,10.974,4.9645
68.695,7.1412,3.7504,66.177,6.9228,3.7171,63.906,6.942,3.8065
141.13,11.574,5.2101,130.91,11.476,5.178,115.97,11.169,5.0984
111.37,11.759,5.204,64.025,10.059,4.8754,32.332,6.9069,3.8057
30.497,7.8509,4.0648,50.509,8.9536,4.4051,72.88,9.5485,4.5705
94.923,10.06,4.7878,127.07,9.7971,4.6926,124.02,9.8821,4.7131
143.22,11.1,5.0762,142.15,11.051,5.0715,155.86,11.042,5.1021
181.01,10.821,5.0363,167,10.612,4.931,158.83,11.161,5.0636
205.12,13.939,5.853,198.65,13.37,5.7142,199.91,13.122,5.6264
157.28,11.588,5.2478,127.78,10.679,5.0498,124.52,10.413,4.9514
136.22,10.518,5.0003,115.66,10.602,4.9784,102.62,10.364,4.9708
57.512,9.6293,4.6264,50.402,8.9313,4.3856,60.156,8.8328,4.3424
190.42,11.875,5.3562,179.58,11.576,5.2328,183.33,11.65,5.261
163.17,12.324,5.4572,119.89,11.525,5.2634,92.419,10.66,5.0427
84.13,9.5805,4.588,62.714,9.009,4.4251,55.112,8.9095,4.4074
183.69,11.579,5.2387,161.38,11.349,5.1319,157.2,11.585,5.1714
155.91,11.273,5.0923,133.3,10.239,4.7857,114.37,9.9091,4.6601
125.11,11.149,5.0874,116.61,10.676,4.9604,90.123,9.8045,4.7045
175.98,11.971,5.3335,147.79,11.702,5.2488,119.42,11.391,5.1497
111.37,11.759,5.204,64.025,10.059,4.8754,32.332,6.9069,3.8057
118.49,10.831,4.9442,114.06,10.458,4.8396,112.35,10.404,4.816
195.7,10.459,5.1698,175.17,11.037,5.1187,174.32,11.269,5.1496
60.778,9.2207,4.5488,73.198,9.5142,4.6211,87.767,9.5054,4.6086
68.925,9.7101,4.6138,77.451,9.7439,4.7985,109.84,11.117,5.0399
165.97,12.479,5.4434,144.07,11.956,5.3577,135,11.495,5.1587
61.264,7.8501,4.1066,40.974,8.4806,4.2988,45.056,8.8309,4.3391
200.27,11.379,5.179,141.18,10.471,4.8941,98.647,8.8427,4.3883
210.62,13.056,5.6892,204.63,12.453,5.4623,200.77,12.326,5.392
169.6,10.372,4.9383,81.141,9.8358,4.7379,81.478,10.626,4.9592
207.58,10.607,5.0505,186.66,10.288,4.9073,157.09,11.266,5.0954
139.6,10.882,5.005,134.87,10.748,4.9427,127.8,10.718,4.9288
203.21,12.936,5.5962,184.31,12.392,5.4161,181.23,12.007,5.2973
103.24,9.1938,4.5736,97.802,8.8139,4.4841,83.398,9.1448,4.5236
118.49,10.831,4.9442,114.06,10.458,4.8396,112.35,10.404,4.816
120.19,10.902,4.9657,115.86,10.558,4.8678,114.52,10.507,4.8445
73.436,9.2451,4.529,143.68,9.7126,4.7543,178.93,11.335,5.3077
142.55,10.212,4.8489,140.64,10.269,4.8274,139.36,10.323,4.8128
182.94,13.166,5.6888,160.57,11.656,5.265,155.14,10.708,4.9669
95.984,10.168,4.7576,100.46,9.8381,4.6643,101.01,8.9903,4.464
116.38,11.707,5.2464,88.798,10.638,4.9407,72.231,9.2015,4.5462
100.25,10.478,5.0154,37.487,7.4075,3.82,36.761,7.3254,3.7942
195.75,12.018,5.3465,133.43,10.884,4.9939,105.42,9.6439,4.6058
239.44,12.35,5.601,206.53,12.356,5.4352,198.54,11.83,5.275
94.229,9.5971,4.5983,96.707,9.6946,4.6309,87.476,9.1473,4.4731
134.14,10.958,5.0443,113.87,9.1739,4.6446,109.18,8.7193,4.4728
201.28,12.113,5.4755,165.74,12.153,5.4309,168.42,12.435,5.4837
207.58,10.607,5.0505,186.66,10.288,4.9073,157.09,11.266,5.0954
188.94,11.711,5.2383,182.14,11.559,5.1912,147.79,11.65,5.2194
210.58,12.433,5.4314,183.76,12.548,5.4324,181.42,12.639,5.4582
142.77,9.406,4.5677,129.57,9.2298,4.5065,90.612,9.1144,4.4847
158.42,11.831,5.2618,141.65,11.09,5.0632,139.08,11.12,5.0581
177.47,12.14,5.4216,186.72,11.462,5.3117,181.07,10.385,5.0903
209.9,12.381,5.4642,169.98,11.226,5.1656,163.25,10.892,5.0773
110.63,9.8691,4.7257,118.68,9.7544,4.7763,118.55,10.18,4.9488
131.01,9.7482,4.7905,117.71,9.3024,4.6353,91.037,9.1966,4.504
195.4,11.718,5.3338,168.71,11.296,5.0892,152.02,11.036,4.9866
127.73,9.2981,4.7612,143.42,9.4821,4.8989,77.684,9.1583,4.5787
236.73,11.82,5.4423,218.71,12.457,5.4872,209.55,12.993,5.5611
200.75,11.4,5.188,142.86,10.593,4.9283,101.43,9.0642,4.4402
85.775,10.483,4.8688,81.871,10.61,4.8961,76.034,10.407,4.8186
129.41,11.15,5.0553,121.33,10.454,4.8646,120.98,10.154,4.7844
85.58,9.6932,4.6095,69.657,8.8793,4.3551,60.515,8.7532,4.3069
199.83,12.427,5.5621,93.5,8.8501,4.3021,125.37,9.0645,4.6501
125.89,10.141,4.7817,110.35,10.017,4.7919,104.06,9.9502,4.7077
202.55,11.49,5.2098,168.61,9.9274,4.7669,133.94,10.405,4.835
121.75,9.8438,4.6432,121.75,9.8438,4.6432,121.75,9.8438,4.6432
1.9764,3.4622,2.9563,35.43,7.5565,3.8847,14.446,7.466,3.972
141.23,11.268,5.1482,165.59,11.395,5.2083,205.18,11.886,5.412
142.04,11.005,5.0835,112.11,11.246,5.1275,104.77,11.143,5.0957
164.12,13.219,5.6201,169.55,12.826,5.537,174.36,12.678,5.5374
131.57,10.177,4.8051,110.05,10.637,4.9613,91.003,9.9384,4.7531
119.31,10.662,4.9201,86.214,10.026,4.7692,73.961,9.6135,4.5906
188.34,12.827,5.5388,176.27,12.095,5.3414,158.48,11.549,5.1582
215.68,11.641,5.3195,198.34,11.838,5.3356,192.72,11.672,5.1982
207.12,11.765,5.4546,155.84,11.634,5.3194,96.452,11.284,5.1885
44.109,8.3058,4.2133,73.882,9.6114,4.6754,106.06,10.44,4.9002
125.44,11.037,5.0036,74.325,9.6082,4.6157,62.24,10.615,4.8973
186.66,12.217,5.4243,154.75,11.709,5.2596,114.43,11.488,5.165
132.33,12.325,5.3564,135.42,12.316,5.3568,139.49,12.307,5.3606
169.6,10.372,4.9383,81.141,9.8358,4.7379,81.478,10.626,4.9592
203.74,12.497,5.484,163.84,12.344,5.4098,161.18,11.938,5.3574
106.98,9.9189,4.7212,78.789,8.6234,4.4868,78.404,8.8031,4.5154
159.37,11.063,5.1243,126.82,10.91,5.0594,73.214,10.653,4.9899
131.18,10.536,4.8754,123.57,10.359,4.8266,121.83,10.034,4.816
132.58,11.124,5.0437,142.47,11.325,5.0839,147.44,11.35,5.0847
120.07,9.6275,4.6665,98.473,10.094,4.842,79.67,9.143,4.5579
131.18,10.536,4.8754,123.57,10.359,4.8266,121.83,10.034,4.816
210.2,12.649,5.4988,172.04,11.318,5.0981,138.39,11.058,5.0045
50.348,8.3116,4.216,41.053,7.6896,4.1321,70.288,9.2367,4.4835
146.66,9.1729,4.737,130.24,8.3813,4.331,30.521,9.6098,4.5851
185.53,10.435,5.2164,153.33,11.317,5.2843,155.4,10.136,4.943
172.85,11.76,5.2159,159.14,11.067,4.9984,159.6,10.769,4.9105
173.79,11.764,5.3013,140.16,10.548,4.918,124.46,10.381,4.8266
212.03,12.53,5.4532,186.22,12.629,5.4537,183.97,12.705,5.4741
120.01,10.864,4.9854,127.08,11.772,5.3031,132.2,11.932,5.314
185.06,11.785,5.2934,166.64,11.477,5.1767,162.17,11.86,5.2487
115.3,10.355,4.784,163.27,11.198,5.0892,186.67,11.965,5.2937
210.89,12.39,5.4374,153.5,11.477,5.2006,140.01,11.454,5.1875
171.34,10.955,5.0728,210.65,11.161,5.2091,233.11,11.298,5.3675
122.2,9.5388,4.5366,117.28,11.424,5.381,120.18,11.504,5.142
90.756,9.1914,4.4489,82.532,8.9599,4.3812,98.915,7.428,3.8588
168.97,10.55,4.9893,82.101,9.8516,4.7476,82.773,10.64,4.9605
117.82,10.368,4.8537,115.25,11.06,5.0369,112.62,10.55,4.8715
207.66,12.482,5.4689,192.89,12.11,5.3123,186.36,12.091,5.3032
123.24,10.383,4.9311,101.01,11.2,5.0804,108.54,10.518,4.8946
143.74,11.168,5.1906,180.39,10.614,5.2352,199.76,9.5475,5.2696
138.28,11.516,5.1311,130.86,11.291,5.0637,125.09,11.273,5.0554
87.689,10.676,4.9283,76.382,10.979,5.0307,105.26,11.472,5.141
181.63,12.755,5.5201,179.68,12.725,5.5086,179.86,12.528,5.4612
97.108,9.8632,4.7286,137.67,10.242,4.8314,154.98,10.26,4.8243
137.83,11.522,5.192,130.65,10.52,4.9133,121,10.087,4.7624
109.5,9.5216,4.5707,124.56,10.466,4.8769,142.34,11.256,5.0592
156.61,10.68,4.9775,128.39,10.514,4.9108,112.43,10.409,4.8292
167.2,8.8854,4.4852,136.76,11.554,5.1871,122.46,11.169,5.0667
13.231,6.6849,3.8145,49.357,8.3185,4.1651,101.43,9.4092,4.5287
92.408,9.2091,4.4832,81.915,9.2872,4.5776,63.094,9.4154,4.8121
61.054,8.8746,4.3565,51.342,8.6525,4.3024,43.913,8.0094,4.1054
154.86,11.418,5.1663,125.24,10.974,5.0543,83.479,9.562,4.6228
202.99,13.187,5.6194,201.63,13.21,5.6213,198.62,13.089,5.5612
169.06,12.283,5.3834,178.89,11.132,5.1077,145.16,10.965,5.0266
100.59,10.227,4.7996,88.884,9.5069,4.583,83.158,9.3587,4.5775
234.8,10.081,5.2175,221.7,11.297,5.1885,220.43,11.474,5.2384
82.329,9.4801,4.685,79.044,9.5681,4.6762,74.295,9.6856,4.688
143.52,11.116,5.1811,180.31,10.549,5.2245,199.74,9.4898,5.2621
199.84,12.618,5.4751,146.04,11.979,5.2853,100.79,11.429,5.1055
124.73,10.326,4.8441,94.982,9.0314,4.4202,65.822,8.1375,4.1235
161.58,10.996,4.9821,109.38,8.9429,4.4017,39.456,8.809,4.4391
219.66,11.5,5.3653,193.77,11.359,5.1918,173.2,11.788,5.2412
134.76,10.762,4.9596,119.07,9.7114,4.5974,109.53,9.8251,4.6239
75.887,8.1214,4.2135,71.506,8.1907,4.2289,73.175,8.5172,4.3228
78.696,9.6732,4.653,72.287,9.5227,4.6144,60.663,8.797,4.3988
132.32,11.288,5.0624,132.3,11.309,5.0704,130.3,11.509,5.1423
134.69,10.673,5.0252,96.563,9.8445,4.9181,92.441,9.6622,4.8667
178.99,11.518,5.1754,156.14,11.528,5.2307,111.52,10.342,4.8512
108.22,10.619,4.9375,108.66,10.729,5.0092,74.202,10.118,4.7889
185.73,13.455,5.7132,183.52,12.873,5.5575,180.27,12.968,5.5635
200,10.427,4.9839,171.19,9.9262,4.7627,130.25,10.683,5.0175
218.98,12.098,5.3518,200.19,12.06,5.3187,180.86,12.038,5.2916
172.02,12.674,5.5098,166.42,12.1,5.3351,161.85,12.006,5.2774
146.78,11.801,5.2026,135.57,11.522,5.1322,128.67,11.136,5.0308
91.157,9.7162,4.613,87.096,9.3879,4.7333,54.208,8.8081,4.4576
89.035,10.317,4.9488,94.224,10.924,5.036,104.78,10.112,4.7315
215.68,11.641,5.3195,198.34,11.838,5.3356,192.72,11.672,5.1982
94.819,10.119,4.7471,75.361,9.0807,4.4666,54.388,8.2855,4.1767
143.37,11.637,5.2526,124.53,11.057,5.072,111.02,10.846,4.9754
88.767,9.7899,4.6985,79.56,9.1314,4.5188,74.909,8.7638,4.4422
193.13,12.225,5.4035,179.87,11.783,5.2271,174.68,11.733,5.2023
235.27,10.638,5.4786,193.81,11.892,5.3544,166.97,10.217,4.9235
93.83,10.468,4.9265,92.425,10.392,4.9114,81.756,10.083,4.8291
97.64,8.97,4.5572,99.637,9.4447,4.6997,113.73,9.9489,4.7638
204.95,11.635,5.4539,194.29,11.544,5.2587,185.24,11.436,5.1789
119.48,11.493,5.1211,127.26,11.496,5.1278,132.93,11.003,5.0023
207.11,9.52,4.7396,180.7,11.161,5.1209,172.66,11.763,5.2328
137.23,10.409,4.8867,126.98,10.139,4.8915,129.07,10.97,5.0145
152.72,10.733,4.9755,143.01,10.577,4.9027,120.8,10.055,4.7334
150.89,11.377,5.1982,130.71,11.56,5.1868,127.14,11.463,5.1424
106.77,10.502,4.8521,99.198,10.189,4.784,122.51,9.7247,4.708
148.59,10.722,4.923,165.1,11.612,5.2364,178.35,12.179,5.379
105.79,11.153,5.0729,113.34,11.259,5.0986,125.41,11.412,5.1287
69.812,9.0658,4.4697,71.382,8.9681,4.4021,72.644,9.267,4.4729
172.26,11.949,5.4209,156.68,11.702,5.2356,140.74,11.166,5.0948
88.647,9.2158,4.521,87.508,9.6282,4.6983,69.222,8.7335,4.3601
125.01,10.736,4.96,102.52,10.479,4.9129,75.563,10.124,4.8552
171.13,11.58,5.2294,157.11,11.108,5.1566,149.86,11.191,5.2352
57.368,9.6598,4.6363,50.346,8.9258,4.3825,60.092,8.8163,4.3407
146.71,10.022,4.7712,137.77,9.9299,4.9326,84.487,9.8043,4.7164
130.31,10.241,4.8337,132.35,10.139,4.7679,104.99,10.016,4.8246
155.73,11.833,5.2741,160.73,11.771,5.2762,139.75,10.635,4.9135
13.121,6.6942,3.8091,49.29,8.3384,4.1719,100.3,9.481,4.5501
146.71,10.022,4.7712,137.77,9.9299,4.9326,84.487,9.8043,4.7164
143.79,11.165,5.0146,100.82,10.777,4.9118,83.072,10.636,4.8753
120.69,10.445,4.8282,119.82,10.327,4.7858,122.1,10.295,4.7744
94.923,10.06,4.7878,127.07,9.7971,4.6926,124.02,9.8821,4.7131
135.86,11.319,5.1326,113.11,10.855,4.999,104.44,10.473,4.9188
57.512,9.6293,4.6264,50.402,8.9313,4.3856,60.156,8.8328,4.3424
103.15,10.168,4.8083,102,9.9236,4.7234,98.143,9.9142,4.7082
107.63,9.4743,4.6916,97.787,8.8063,4.4983,86.705,8.9591,4.4536
159.07,11.294,5.1317,122.43,10.765,5.009,94.428,10.068,4.7787
224.78,13.46,5.7819,215.22,13.575,5.7761,211.66,13.409,5.715
100.18,9.7049,4.6631,95.57,9.664,4.6462,94.492,9.833,4.6862
94.923,10.06,4.7878,127.07,9.7971,4.6926,124.02,9.8821,4.7131
182.71,12.697,5.5165,179.44,12.753,5.4811,179.66,12.675,5.4685
208.03,12.623,5.5051,176.55,12.541,5.4428,155.84,12.372,5.3851
49.512,7.8635,3.9706,50.943,7.9746,4.0038,50.823,8.0204,4.0621
150.08,10.834,4.9613,143.32,10.628,4.881,140.42,10.628,4.8726
107.63,9.4743,4.6916,97.787,8.8063,4.4983,86.705,8.9591,4.4536
224.11,12.593,5.582,176.98,11.739,5.33,169.94,11.639,5.2551
156.91,11.69,5.2164,141.57,10.929,5.0299,116.04,10.261,4.7698
105.79,10.025,4.6879,158.15,10.954,5.014,183.55,11.692,5.2309
196.65,12.143,5.4005,166.65,10.422,4.9136,144.15,9.8122,4.69
100.05,10.219,4.8165,91.555,9.7553,4.6646,90.528,9.7955,4.6612
97.141,9.5946,4.6174,97.693,9.7116,4.6616,79.15,10.184,4.8139
121.75,9.8438,4.6432,121.75,9.8438,4.6432,121.75,9.8438,4.6432
44.473,8.2979,4.2078,74.304,9.631,4.6792,106.49,10.455,4.902
132.02,7.311,3.9825,133.15,7.6124,4.3935,131.06,8.1949,4.7597
57.301,9.3954,4.5939,155.92,11.409,5.1933,202.51,12.107,5.3743
156.33,11.926,5.3134,110.2,11.761,5.2421,50.974,8.7577,4.362
161.62,10.512,5.1161,173.32,10.558,5.2329,166.42,11.212,5.2878
137.1,10.302,4.8849,135.38,10.144,4.8246,118.06,10.43,4.8839
185.96,9.5026,4.9276,177.74,11.391,5.1842,188.79,12.201,5.4262
171.32,11.579,5.239,153.98,10.76,4.9898,130.29,10.782,4.9445
174.18,9.9722,4.7312,137.61,9.4366,4.571,94.757,9.7856,4.7532
95.093,9.7668,4.8236,103.81,9.8963,4.8138,114.39,10.096,4.8635
44.037,7.2988,3.9737,44.718,7.713,4.1946,51.83,8.0414,4.3541
57.512,9.6293,4.6264,50.402,8.9313,4.3856,60.156,8.8328,4.3424
120.4,10.133,4.7903,100.77,9.6596,4.5963,77.811,9.3129,4.5145
115.16,9.7135,4.7198,129.69,10.079,4.878,71.044,8.0258,4.2104
135.96,9.7128,4.6169,147.2,9.9136,4.7649,144.2,11.941,5.2954
201.69,12.201,5.3876,191.31,10.177,4.8109,194.09,11.732,5.2047
110.48,8.7793,4.4236,113.79,8.7476,4.4113,124.09,8.9177,4.4751
224.04,13.086,5.6178,190.47,12.46,5.4007,213.39,12.686,5.4843
121.22,10.726,4.9036,112.79,10.423,4.9261,160.97,10.582,4.9447
113.65,11.335,5.1665,112.68,10.979,5.0737,119.86,10.548,4.9626
136.01,10.581,4.8749,119.24,10.262,4.7755,113.48,10.325,4.7835
183.03,11.22,5.1243,177.47,11.098,5.0961,141.2,10.642,4.9736
246.93,6.3986,5.6348,227.12,12.157,5.4297,221.64,12.135,5.4018
81.068,10.041,4.7483,71.579,10.002,4.803,55.63,9.5673,4.6833
120.88,10.866,5.0329,102.71,10.498,4.8921,92.863,10.293,4.8003
156.43,11.848,5.2772,122.04,11.173,5.0991,99.009,10.821,4.9992
102.19,11.036,5.039,98.497,10.804,4.9869,80.738,10.435,4.8639
219.88,11.203,5.2634,170.07,11.903,5.2789,129.39,11.507,5.1259
109.56,11.288,5.0861,53.386,10.582,5.0108,32.597,8.7816,4.6523
48.74,8.9134,4.3311,47.092,8.7963,4.3321,31.684,7.7911,3.9897
192.49,11.985,5.3078,146.36,10.475,4.8664,125.8,9.8695,4.6652
113.68,9.4406,4.6357,98.656,9.3134,4.5898,89.224,9.1912,4.5545
128.39,11.213,5.075,127.56,11.165,5.0647,121.13,10.543,4.9162
59.96,9.2567,4.5365,47.523,8.1638,4.0974,46.258,8.0463,4.07
118.36,11.399,5.1001,115.1,11.388,5.0911,106.17,11.301,5.0786
91.666,10.242,4.7708,93.091,9.8896,4.6789,93.51,9.7506,4.6613
167.2,8.8854,4.4852,136.76,11.554,5.1871,122.46,11.169,5.0667
109.32,9.1368,4.42,126.55,8.2904,4.377,157.09,8.5755,4.6507
178.01,11.266,5.0791,140.52,11.385,5.0939,114.72,10.758,4.9316
169.6,10.372,4.9383,81.141,9.8358,4.7379,81.478,10.626,4.9592
82.539,9.5572,4.6324,87.809,9.2979,4.5342,90.159,8.8407,4.3669
181.3,11.826,5.2507,160.43,11.5,5.1616,127.77,11.08,5.036
147.33,11.863,5.2389,132.28,11.096,5.0033,116.57,10.974,4.9645
204,11.689,5.5666,206.58,12.05,5.6289,212.12,12.498,5.7492
82.539,9.5572,4.6324,87.809,9.2979,4.5342,90.159,8.8407,4.3669
136.71,10.925,5.0462,138.99,11.07,5.0575,124.77,10.992,5.0005
166.6,12.295,5.4067,158.77,11.26,5.1193,147.46,11.421,5.152
181.11,11.618,5.1916,164.89,11.348,5.1327,147.05,11.365,5.0753
228.4,14.347,5.9156,227.51,14.341,5.9142,226.56,14.324,5.9083
146.3,11.213,5.0978,114.09,10.828,4.9764,96.861,10.592,4.8874
96.063,10.291,4.7949,90.263,10.008,4.7405,108.59,10.279,4.8502
106.06,10.577,4.924,105.37,10.66,4.9569,103.71,10.91,4.9971
169.11,12.359,5.376,148.97,11.675,5.19,141.53,11.568,5.1644
177.47,12.14,5.4216,186.72,11.462,5.3117,181.07,10.385,5.0903
207.97,10.891,5.13,208.18,10.959,5.2628,213.04,10.854,5.4827
164.37,11.926,5.2728,158.13,11.438,5.1478,142.16,11.191,5.0591
164.85,9.6399,4.8007,153.44,10.496,5.0288,146.78,10.523,5.0041
135.43,11.261,5.0838,116.21,10.774,4.9272,108.16,10.483,4.8417
97.108,9.8632,4.7286,137.67,10.242,4.8314,154.98,10.26,4.8243
64.792,9.219,4.4805,52.013,8.9085,4.4293,48.515,8.5292,4.3144
115.51,10.212,4.7794,106.74,9.7095,4.6307,94.225,9.2398,4.4378
37.769,7.2457,3.8197,57.291,8.6905,4.3415,110.99,9.7893,4.6963
68.358,9.1911,4.5253,66.297,8.9941,4.4702,62.323,8.8995,4.4716
157.09,11.121,5.15,150.94,11.879,5.2918,115.29,11.08,5.0754
132.89,10.671,4.9525,25.875,7.4323,3.8953,28.794,7.1821,3.8456
123.43,9.9631,5.0083,127.68,10.527,5.0619,131.65,10.848,5.1843
211.74,12.5,5.4498,185.86,12.621,5.4528,183.56,12.697,5.473
169.6,10.372,4.9383,81.141,9.8358,4.7379,81.478,10.626,4.9592
198.19,7.9116,4.0006,196.9,7.9566,4.0491,193.56,7.9373,4.0232
178.51,12.979,5.5695,175.42,12.127,5.3533,170.77,11.757,5.2256
177.36,11.643,5.1888,178.97,12.132,5.3608,186.57,12.842,5.5285
185.93,12.805,5.5224,164.6,12.033,5.3383,156.64,11.431,5.2063
219.21,11.813,5.4182,211.76,12.469,5.4973,207.95,12.379,5.481
193.08,11.313,5.3193,108.56,9.2428,4.4788,62.755,9.2445,4.4813
126.82,10.182,4.796,111.29,10.047,4.7945,104.88,9.9991,4.7265
186.98,11.906,5.375,79.986,9.5179,4.5985,24.19,9.1701,4.6514
140.02,9.1438,4.8475,141.65,9.6995,4.8846,165.76,11.21,5.1667
183.32,12.785,5.595,163.64,12.08,5.3074,167.09,11.861,5.2581
143.74,11.168,5.1906,180.39,10.614,5.2352,199.76,9.5475,5.2696
193.08,11.313,5.3193,108.56,9.2428,4.4788,62.755,9.2445,4.4813
91.157,9.7162,4.613,87.096,9.3879,4.7333,54.208,8.8081,4.4576
37.769,7.2457,3.8197,57.291,8.6905,4.3415,110.99,9.7893,4.6963
154.83,9.6211,4.9336,152.23,9.6422,4.9299,141.96,8.4679,4.5596
201.28,12.113,5.4755,165.74,12.153,5.4309,168.42,12.435,5.4837
178.72,12.102,5.4085,187.38,11.558,5.3469,181.32,10.4,5.0954
133.09,9.7112,4.7099,152.54,10.797,4.9442,136.13,10.57,4.9046
173.79,11.764,5.3013,140.16,10.548,4.918,124.46,10.381,4.8266
173.93,9.4205,4.9368,142.79,10.217,5.0204,118.42,10.365,5.0979
105.48,10.03,4.6904,157.95,10.932,5.0073,183.35,11.729,5.2398
146.18,10.751,5.0128,137.71,10.678,4.9722,128.26,10.734,4.9738
243.26,7.6909,4.8692,220.27,10.289,4.7875,208.77,10.315,4.7841
207.65,11.526,5.2465,200.46,11.583,5.3455,201.06,11.974,5.3915
215.66,12.257,5.49,208.87,12.456,5.4427,203.03,12.603,5.4693
94.923,10.06,4.7878,127.07,9.7971,4.6926,124.02,9.8821,4.7131
87.976,9.6,4.6617,74.238,9.5261,4.6733,82.137,9.0802,4.5419
134.14,10.958,5.0443,113.87,9.1739,4.6446,109.18,8.7193,4.4728
182.63,12.089,5.391,164.95,11.972,5.3076,163.4,11.99,5.2967
179.31,10.864,5.1661,174.7,10.843,5.1158,170.51,11.129,5.1609
172.37,11.84,5.4444,159.72,12.154,5.3329,149.26,12.048,5.3224
108.13,8.8472,4.4415,108.14,9.2647,4.7407,118.53,10.689,5.1464
211.05,11.797,5.4482,202.67,12.094,5.3832,203.52,12.637,5.4655
167.39,12.92,5.5319,151.08,12.65,5.4624,137.65,12.406,5.3939
162.64,10.677,4.9515,159.01,10.709,4.9148,156.49,10.902,5.1034
115.4,11.024,5.0097,101.41,10.331,4.8484,93.657,10.29,4.8093
171.34,10.955,5.0728,210.65,11.161,5.2091,233.11,11.298,5.3675
214.91,10.837,5.3337,154.33,12.192,5.4682,156.31,11.681,5.3704
150.44,11.422,5.2092,130.31,11.583,5.1931,126.8,11.45,5.14
171.13,11.58,5.2294,157.11,11.108,5.1566,149.86,11.191,5.2352
136.85,10.83,4.9545,136.3,10.583,4.8911,141.19,10.577,4.9121
153.11,11.765,5.2855,136.91,11.504,5.1531,127.74,10.234,4.7913
195.17,10.404,4.9344,160.19,10.425,4.9908,145.4,10.783,5.0895
146.34,11.268,5.0596,94.8,10.065,4.7316,73.946,9.7307,4.6284
171.23,11.632,5.2268,178.02,10.583,4.8471,177.84,10.728,4.8937
169.6,10.372,4.9383,81.141,9.8358,4.7379,81.478,10.626,4.9592
210.99,12.394,5.4368,153.46,11.478,5.1998,139.95,11.453,5.187
150.66,12.74,5.4567,109.33,12.656,5.4448,10.577,5.6965,3.8919
191.71,13.483,5.7037,185.52,13.364,5.7265,168.35,12.516,5.5191
159.29,10.944,5.1348,152.33,10.884,5.0721,174.02,11.804,5.2496
93.748,10.597,4.8514,83.216,9.1205,4.4313,100.55,10.223,4.823
154.42,11.943,5.3575,129.61,11.845,5.3249,106.43,10.411,4.9692
200.3,10.389,4.8652,200.3,10.389,4.8652,200.3,10.389,4.8652
190.51,10.107,4.8025,208.71,9.2905,4.9617,226.05,10.266,5.5966
49.737,8.4727,4.2101,50.544,9.9693,4.7027,73.567,10.146,4.7005
143.79,11.165,5.0146,100.82,10.777,4.9118,83.072,10.636,4.8753
140.17,11.378,5.154,122.19,11.054,5.0645,100.31,10.55,4.9302
127.86,11.286,5.1096,108.66,10.845,4.9913,92.625,10.361,4.8431
185.96,9.5026,4.9276,177.74,11.391,5.1842,188.79,12.201,5.4262
215.03,13.565,5.7333,210.35,13.486,5.6931,207.8,13.411,5.6759
159.85,11.285,5.1819,121.41,10.453,4.8916,91.843,9.7579,4.6126
76.736,9.9249,4.7512,86.74,10.197,4.8303,144.07,8.9277,4.4111
138.47,10.784,4.9474,98.383,10.494,4.8262,84.61,10.286,4.7747
81.365,10.216,5.0169,82.457,10.949,5.1598,100.88,11.403,5.133
102.72,10.565,4.8802,169.1,11.641,5.2508,202.36,11.001,5.1877
108.22,10.619,4.9375,108.66,10.729,5.0092,74.202,10.118,4.7889
130.5,10.489,4.8303,104.79,10.35,4.7945,73.396,9.7549,4.612
144.34,11.319,5.0932,130.77,10.918,4.9849,124.52,10.672,4.9186
169.6,10.372,4.9383,81.141,9.8358,4.7379,81.478,10.626,4.9592
207.79,9.5607,4.7339,182.42,11.238,5.1456,174.8,11.834,5.256
183.32,12.785,5.595,163.64,12.08,5.3074,167.09,11.861,5.2581
39.911,5.2969,3.3145,41.476,5.7435,3.5536,43.482,5.8616,3.5585
187.21,11.776,5.3418,193.31,12.752,5.5903,205.83,13.202,5.6833
141.23,11.268,5.1482,165.59,11.395,5.2083,205.18,11.886,5.412
128.76,11.128,5.1606,91.373,10.989,5.0722,79.946,10.785,5.0058
140.12,10.366,5.0198,119.04,8.9959,4.6964,104.69,8.6208,4.3336
117.82,10.368,4.8537,115.25,11.06,5.0369,112.62,10.55,4.8715
161.56,10.898,5.0054,122.41,11.157,5.0663,53.118,9.2061,4.4977
145.35,10.705,4.9711,99.868,9.7875,4.6934,46.313,9.0861,4.471
85.788,9.7203,4.6631,100.19,9.0635,4.4556,107.99,9.8833,4.6395
180.99,11.597,5.2818,107.17,9.1981,4.5478,81.306,8.6297,4.3367
200.31,12.173,5.4403,177.01,11.739,5.2626,161.34,11.695,5.2262
210.95,11.702,5.2774,133.85,11.046,5.0361,144.87,11.202,5.0788
148.59,10.722,4.923,165.1,11.612,5.2364,178.35,12.179,5.379
135.9,11.605,5.1991,122.9,10.845,5.0033,109.34,10.374,4.8904
156.88,11.075,5.1251,128.29,10.551,4.9622,127.59,10.282,4.8837
138.57,10.051,4.7385,143.14,10.239,4.8031,130.16,9.9748,4.7062
135.1,10.752,4.9401,120,10.132,4.8164,113.67,9.9059,4.6997
94.989,10.792,5.0073,77.18,9.9675,4.7854,69.144,9.8476,4.7047
183.79,9.1969,4.485,201.02,12.816,5.5204,205.97,12.946,5.5235
135.96,10.884,4.9828,132.24,10.844,4.9755,127.95,10.636,4.9049
163.17,12.324,5.4572,119.89,11.525,5.2634,92.419,10.66,5.0427
135.72,11.238,5.0768,116.43,10.786,4.9302,108.41,10.492,4.8448
87.689,10.676,4.9283,76.382,10.979,5.0307,105.26,11.472,5.141
30.497,7.8509,4.0648,50.509,8.9536,4.4051,72.88,9.5485,4.5705
146.71,10.022,4.7712,137.77,9.9299,4.9326,84.487,9.8043,4.7164
137.72,11.135,5.0697,128.69,10.609,4.932,127.02,10.756,4.9491
210.58,12.433,5.4314,183.76,12.548,5.4324,181.42,12.639,5.4582
133.34,6.8089,3.6353,150.87,7.8991,4.8777,203.12,13.309,5.6738
90.446,10.754,4.9319,89.823,10.665,4.9098,90.013,10.698,4.9163
162.92,11.464,5.1668,145.6,11.1,5.0503,128.75,10.621,4.9192
184.65,11.279,5.2129,182.52,11.513,5.2338,183.13,11.718,5.2742
94.994,10.063,4.789,127.09,9.7951,4.6923,124.05,9.885,4.7137
159.97,11.555,5.2101,144.37,11.494,5.2115,111.13,11.064,5.019
215.66,12.257,5.49,208.87,12.456,5.4427,203.03,12.603,5.4693
234.41,14.299,6.0155,232.63,13.83,5.8012,221.17,13.899,5.8003
86.702,10.187,4.7604,95.334,10.312,4.7752,98.785,10.223,4.7594
94.923,10.06,4.7878,127.07,9.7971,4.6926,124.02,9.8821,4.7131
139.45,11.24,5.137,164.39,11.401,5.2057,204.51,11.747,5.3718
159.22,12.222,5.3972,128.98,9.5807,4.7565,106.68,8.2928,4.2144
250.49,4.6365,4.7134,249.38,5.6027,5.6854,248.93,5.5983,5.6832
136.3,11.796,5.267,129.7,11.703,5.2268,118.37,11.877,5.2761
147.33,11.863,5.2389,132.28,11.096,5.0033,116.57,10.974,4.9645
115.74,10.141,4.7604,110.67,10.521,4.9064,136.64,11.242,5.1168
90.756,9.1914,4.4489,82.532,8.9599,4.3812,98.915,7.428,3.8588
234.41,14.299,6.0155,232.63,13.83,5.8012,221.17,13.899,5.8003
201.69,12.201,5.3876,191.31,10.177,4.8109,194.09,11.732,5.2047
207.58,10.607,5.0505,186.66,10.288,4.9073,157.09,11.266,5.0954
187.49,11.251,5.2655,194.54,11.399,5.2853,189.04,11.676,5.2894
102.3,10.862,4.9648,98.772,10.527,4.8536,104.63,10.668,4.8847
73.01,9.9869,4.7255,108.65,11.057,5.0298,99.37,10.751,4.9254
77.104,9.9384,4.6933,53.818,8.5731,4.2994,44.06,8.1657,4.1679
127.73,9.2981,4.7612,143.42,9.4821,4.8989,77.684,9.1583,4.5787
211.58,12.773,5.6454,209.69,12.679,5.5728,202.64,13.005,5.5984
201.28,12.113,5.4755,165.74,12.153,5.4309,168.42,12.435,5.4837
99.643,7.7316,3.9581,83.712,7.7109,3.9908,80.226,7.9265,4.2569
99.304,11.132,5.03,94.158,10.668,4.9137,100.43,11.032,5.0365
109.62,10.015,4.7366,101.62,9.6977,4.6197,87.652,9.2706,4.4803
75.39,8.6192,4.3972,62.298,9.0538,4.5253,60.171,8.9345,4.4779
180.42,12.62,5.4485,179.94,12.474,5.3992,192.28,12.482,5.432
190.51,10.41,5.1233,165.42,11.658,5.3221,135.94,11.645,5.2972
108.28,10.201,4.7909,94.038,9.8947,4.7182,84.645,9.6944,4.6438
148.24,11.942,5.3084,158.26,11.728,5.2588,153.22,11.283,5.0848
140.17,11.378,5.154,122.19,11.054,5.0645,100.31,10.55,4.9302
183.7,12.449,5.4178,166.01,12.346,5.3871,150.6,12.155,5.3235
120.88,10.866,5.0329,102.71,10.498,4.8921,92.863,10.293,4.8003
120.38,9.2071,4.5291,80.458,8.6864,4.3531,47.687,7.2514,3.8361
108.38,10.895,4.9657,91.329,10.334,4.7997,58.769,9.4656,4.5381
101.28,10.438,4.8851,96.56,10.212,4.8178,88.632,9.8412,4.7012
156.13,10.472,4.8877,103.07,10.104,4.7812,46.548,9.3386,4.5521
190.67,11.065,5.1449,165.01,10.88,5.0657,171.06,10.741,4.9909
170.4,11.796,5.2727,149.69,11.024,5.0718,124.32,10.374,4.8384
235.5,9.8148,4.9068,176.16,9.5448,4.945,152.9,10.9,5.1471
135.64,10.415,4.8671,122.78,9.7563,4.6511,70.859,10.182,4.7632
192.66,11.217,5.2808,165.86,11.396,5.2063,132.62,11,5.0149
199.19,10.107,4.9321,148.37,11.098,5.0503,115.3,11.309,5.0749
133.3,9.9108,4.805,129.44,9.2922,4.5942,121.05,8.7931,4.4955
204.59,12.279,5.3916,199.01,12.538,5.4686,172.86,11.841,5.2084
169.06,12.283,5.3834,178.89,11.132,5.1077,145.16,10.965,5.0266
142.64,11.752,5.2352,131.01,11.599,5.1653,117.65,11.302,5.1001
152.57,11.708,5.2216,139.21,11.409,5.1337,118.72,10.989,5.0094
142.24,11.221,5.0819,152.25,8.6491,4.279,152.37,9.7853,4.7571
137.1,10.302,4.8849,135.38,10.144,4.8246,118.06,10.43,4.8839
186.6,11.601,5.2695,179.42,11.789,5.3357,161.34,11.799,5.2566
152.88,13.294,5.7604,150.96,13.134,5.7381,149.89,12.654,5.6652
13.121,6.6942,3.8091,49.29,8.3384,4.1719,100.3,9.481,4.5501
172.91,12.699,5.4818,163.32,12.246,5.3827,165.59,11.869,5.2992
100.39,10.116,4.7563,58.543,9.3792,4.5643,38.098,8.9446,4.4803
144.98,11.522,5.1382,116.31,11.334,5.0882,102.04,10.823,5.01
56.997,9.0305,4.4786,95.292,9.7575,4.7137,27.242,8.2388,4.2563
176.12,10.704,5.1252,115.34,11.835,5.2229,112.2,11.749,5.1963
159.85,11.285,5.1819,121.41,10.453,4.8916,91.843,9.7579,4.6126
95.362,10.056,4.7422,85.247,9.3783,4.5557,76.513,9.175,4.4945
166.81,12.846,5.5633,150.2,12.334,5.4326,136.65,11.878,5.3251
112.01,10.228,4.7624,110.02,10.44,4.8307,113.08,10.756,4.9277
31.24,7.8847,4.0746,51.426,9.0386,4.4337,73.982,9.6025,4.589
170.39,11.567,5.2258,161.26,11.647,5.231,154.12,11.689,5.223
173.79,11.764,5.3013,140.16,10.548,4.918,124.46,10.381,4.8266
176.89,11.754,5.2462,138.73,11.118,5.1332,95.883,10.213,4.9222
135.64,11.002,5.0246,124.6,10.537,4.8681,112.1,10.155,4.7542
179.07,13.244,5.6203,169.81,12.706,5.4836,163.51,12.32,5.3695
202.97,12.043,5.4044,192.96,11.917,5.368,190.18,11.971,5.374
150.4,11.042,5.0594,168.97,12.133,5.398,162.27,13.472,5.6844
193.08,11.313,5.3193,108.56,9.2428,4.4788,62.755,9.2445,4.4813
106.06,10.557,4.9174,98.098,10.108,4.7814,86.757,9.6615,4.6082
143.88,10.781,4.9613,139.76,10.952,5.0098,138.96,11.027,5.0287
132.43,11.381,5.1475,101.93,10.827,5.0818,98.937,10.479,4.9389
217.23,10.691,5.1497,187.31,11.252,5.1556,105.48,10.432,4.8764
245.06,8.0426,5.5715,232.08,13.263,5.6453,226.5,13.448,5.6772
127.27,11.37,5.1795,137.58,11.049,5.1079,149.47,11.234,5.1411
147.33,11.863,5.2389,132.28,11.096,5.0033,116.57,10.974,4.9645
142.78,11.265,5.0996,103.28,10.262,4.8164,83.733,9.7577,4.6598
215.78,12.901,5.5317,216.23,12.948,5.5546,212.39,12.743,5.4795
207.42,11.284,5.2301,184.52,11.705,5.2981,174.05,12.947,5.5766
208.3,12.102,5.4246,191.67,11.882,5.3121,150.45,11.098,5.0572
58.491,9.3904,4.5919,157.12,11.422,5.2047,203.45,12.197,5.4053
163.56,10.61,4.9165,140.15,10.608,4.8891,96.857,9.8763,4.6607
170.4,11.796,5.2727,149.69,11.024,5.0718,124.32,10.374,4.8384
183.55,12.941,5.5407,185.53,12.649,5.4647,158.55,10.608,4.9989
94.923,10.06,4.7878,127.07,9.7971,4.6926,124.02,9.8821,4.7131
61.689,8.7256,4.2658,46.711,8.5486,4.2404,48.041,8.6771,4.3163
130.67,11.541,5.271,99.168,10.127,4.9651,80.783,9.8811,4.8924
152.8,11.572,5.1858,133.31,11.182,5.0405,128.08,11.017,4.9892
171.32,11.579,5.239,153.98,10.76,4.9898,130.29,10.782,4.9445
188.76,10.944,5.3892,156.18,12.113,5.4195,118.5,10.392,5.1579
154.7,11.58,5.1886,133.88,11.182,5.0415,130.14,11.027,4.9925
210.95,11.702,5.2774,133.85,11.046,5.0361,144.87,11.202,5.0788
103.95,10.008,4.7424,153.73,11.391,5.1544,113.48,10.672,4.9004
56.997,9.0305,4.4786,95.292,9.7575,4.7137,27.242,8.2388,4.2563
87.689,10.676,4.9283,76.382,10.979,5.0307,105.26,11.472,5.141
52.41,9.4391,4.6024,54.915,9.3646,4.5853,45.078,9.4695,4.6177
193.08,11.313,5.3193,108.56,9.2428,4.4788,62.755,9.2445,4.4813
169.6,10.372,4.9383,81.141,9.8358,4.7379,81.478,10.626,4.9592
85.952,9.107,4.4706,53.925,9.0277,4.4468,53.228,9.1013,4.4795
105.12,10.383,4.8262,90.575,10.106,4.7482,57.757,9.0748,4.4354
154.7,11.58,5.1886,133.88,11.182,5.0415,130.14,11.027,4.9925
98.014,8.7709,4.3108,97.617,8.7554,4.3035,95.696,8.7649,4.3099
134.5,10.545,4.9517,106.37,10.252,4.8478,95.508,10.072,4.815
63.825,9.1874,4.5389,78.85,8.1248,4.2194,97.908,6.9921,3.8477
58.491,9.3904,4.5919,157.12,11.422,5.2047,203.45,12.197,5.4053
127.27,11.37,5.1795,137.58,11.049,5.1079,149.47,11.234,5.1411
158.16,8.9863,4.697,132.31,8.7973,4.4627,115.07,9.304,4.5249
195.7,10.459,5.1698,175.17,11.037,5.1187,174.32,11.269,5.1496
77.377,9.5966,4.5627,77.261,9.5506,4.5527,73.355,9.3095,4.4866
166.44,10.675,5.1182,137.09,10.726,4.9864,125.41,10.465,4.8614
84.473,10.099,4.7637,112.29,10.889,4.9975,117.38,10.778,4.9153
215,12.886,5.5729,205.08,12.998,5.5863,192.18,13.111,5.6052
161.05,11.344,5.1379,155.2,10.79,4.9916,147.33,11.14,5.077
163.18,12.302,5.4515,119.88,11.527,5.2638,92.446,10.665,5.0468
94.923,10.06,4.7878,127.07,9.7971,4.6926,124.02,9.8821,4.7131
158.12,11.723,5.3187,154.22,10.993,5.0457,150.53,10.817,4.9548
205.6,12.021,5.3507,179.25,10.936,5.1082,160.66,10.471,4.9669
44.109,8.3058,4.2133,73.882,9.6114,4.6754,106.06,10.44,4.9002
119.83,11.126,5.1361,117.66,10.925,5.0928,125.1,10.996,5.0872
223,10.059,5.054,185.42,10.733,4.9776,174.08,10.779,4.9743
35.417,8.5915,4.3888,38.663,8.7393,4.4246,54.641,9.3011,4.5796
150.04,11.101,5.0471,143.65,11.515,5.3113,128.48,10.802,5.0501
103.16,11.459,5.2032,102.15,11.466,5.1853,85.379,10.532,4.9486
43.239,8.3935,4.1788,45.708,8.3699,4.1733,49.287,8.1804,4.1224
38.038,7.481,3.896,29.722,7.1488,3.8183,21.035,6.9427,3.7642
100.78,9.0616,4.4846,107.56,9.1819,4.5201,93.688,8.8651,4.4209
103.54,10.5,4.8685,67.121,9.5869,4.6384,50.398,8.9532,4.4928
74.47,8.4432,4.1718,114.76,9.9595,4.8657,134.4,10.849,5.0693
122.44,10.207,4.762,124.19,10.238,4.7987,133.62,11.024,5.0139
64.435,11.55,5.1665,64.52,11.423,5.1327,65.715,11.337,5.1208
135.95,11.902,5.3315,114.43,11.135,5.1356,87.861,10.022,4.8223
64.435,11.55,5.1665,64.52,11.423,5.1327,65.715,11.337,5.1208
49.303,8.312,4.143,49.647,7.7781,3.9778,55.759,8.0833,4.0454
55.161,9.2423,4.4237,40.745,8.7662,4.3271,44.725,8.7064,4.2823
233.16,13.057,5.6281,233.16,13.057,5.6281,233.16,13.057,5.6281
149.52,11.172,5.0503,138.82,11.189,5.0517,133.97,11.207,5.0564
99.187,8.1661,4.1947,98.441,8.2297,4.3127,95.257,8.4811,4.7631
87.632,8.4225,4.2722,124.41,8.1422,4.2251,153.49,8.1911,4.4063
21.092,6.8407,3.7735,21.206,6.553,3.693,19.058,5.9401,3.4778
24.227,8.0289,4.09,18.942,7.2799,3.8713,9.605,5.1625,3.1696
87.38,3.1007,2.9871,132.2,2.6039,2.78,174.4,2.4089,2.6146
98.679,9.7981,4.6939,95.43,9.8358,4.7121,97.308,10.043,4.7922
133.1,10.272,4.8759,106.45,9.8875,4.7929,74.079,9.1018,4.5664
36.783,8.3914,4.2886,81.964,8.9487,4.3961,101.73,9.5332,4.5615
107.57,8.5476,4.3338,9.4572,5.1701,3.1589,2.647,2.1593,1.7792
40.317,5.3045,3.0966,50.893,5.1035,3.0307,64.659,4.8444,2.9499
139.88,12.489,5.4818,142.14,12.702,5.5293,161.37,12.798,5.5246
191.51,10.589,5.0513,191.97,10.631,5.0691,192.24,10.738,5.1072
106.23,9.6602,4.5889,58.011,8.2207,4.1567,31.354,6.8582,3.6697
70.332,9.0664,4.5511,106.89,9.962,4.6758,81.984,8.649,4.2842
155.93,12.13,5.3433,157.22,12.166,5.3503,164.75,12.6,5.4833
53.57,10.233,4.7849,54.644,10.24,4.7515,47.411,9.8861,4.6822
90.554,8.8804,4.514,78.83,8.9637,4.6735,65.048,9.6094,4.7457
100.9,10.493,5.1652,107.76,10.146,4.8468,110.67,9.5034,4.5615
62.822,8.6321,4.3854,60.353,8.6202,4.3834,67.626,8.6279,4.3786
118.81,10.099,4.7627,116.08,9.5943,4.5932,92.591,8.4268,4.2839
87.246,11.439,5.0878,108.72,11.767,5.1916,132.68,12,5.2555
34.84,6.6633,3.7325,29.902,6.5426,3.703,31.559,6.2598,3.6288
147.22,11.049,5.0336,128.02,10.995,4.9906,97.25,10.509,4.8911
182.62,11.118,5.2277,160.04,12.18,5.4581,142.11,11.218,5.2334
121.23,10.287,4.91,109.88,10.218,4.9308,88.492,9.9861,4.9017
44.711,6.5938,3.6106,41.223,6.1964,3.4842,43.957,5.024,3.1725
28.134,7.6073,4.1097,20.269,7.4659,4.1218,16.326,7.2848,4.0905
182.62,11.118,5.2277,160.04,12.18,5.4581,142.11,11.218,5.2334
45.218,6.9999,3.8228,40.339,6.7555,3.7303,36.725,6.6063,3.7122
116.87,11.181,5.0852,136.69,11.72,5.1805,156.88,11.746,5.184
220.02,12.777,5.5609,208.87,12.388,5.4753,156.68,9.9261,4.7189
117.91,10.231,4.8323,122.77,10.499,4.9187,121.75,10.985,5.0312
162.27,11.194,5.0976,162.27,11.194,5.0976,162.27,11.194,5.0976
35.634,8.0458,4.1723,32.578,8.1421,4.1998,30.812,8.2703,4.2485
117.91,10.231,4.8323,122.77,10.499,4.9187,121.75,10.985,5.0312
116.87,11.181,5.0852,136.69,11.72,5.1805,156.88,11.746,5.184
103.85,10.463,4.9655,133.49,10.681,4.9984,150.91,11.206,5.0374
121.23,10.287,4.91,109.88,10.218,4.9308,88.492,9.9861,4.9017
53.347,7.7224,4.04,59.96,8.3153,4.2486,68.094,8.9403,4.4071
127.69,10.889,4.9769,106.39,10.133,4.7605,81.427,9.5576,4.599
24.964,7.964,4.0405,130.09,10.838,4.9794,128.6,10.882,5.0015
46.522,9.041,4.353,43.797,9.0164,4.3468,37.368,8.9718,4.3331
68.464,9.0296,4.5792,74.172,9.3736,4.6671,93.299,10.517,4.9536
80.599,10.4,4.8473,43.452,7.8662,4.0489,31.529,7.4854,3.9363
146.69,11.017,5.1743,140.37,10.951,5.1797,137.1,11.678,5.2378
53.347,7.7224,4.04,59.96,8.3153,4.2486,68.094,8.9403,4.4071
146.76,10.682,4.9407,151.98,10.692,4.9553,149.02,10.666,4.9719
35.77,8.4303,4.3699,35.944,8.4442,4.3731,36.295,8.4542,4.3816
124.6,9.7128,4.5685,123.97,9.7017,4.5648,123.44,9.6976,4.5634
40.567,5.6623,3.3445,38.369,5.4589,3.315,38.237,5.5193,3.3517
98.297,10.199,4.8391,90.715,9.7903,4.7377,80.255,9.9417,4.7815
146.65,9.9399,4.8184,96.834,9.5086,4.755,60.185,9.1781,4.6824
134.74,11.873,5.2667,96.216,11.52,5.2097,76.015,11.01,5.1229
68.693,8.6619,4.45,70.121,8.9507,4.5802,46.402,8.4215,4.453
94.202,11.367,5.1648,116.53,12.475,5.4873,131.05,13.268,5.6482
154.92,11.667,5.228,172.63,11.983,5.2897,177.11,12.28,5.3677
166.8,10.572,4.88,166.27,10.636,4.8991,167.2,10.643,4.9152
138.38,10.178,4.771,163.51,10.646,5.0236,205.6,11.537,5.2034
206.04,13.001,5.6177,188.34,12.632,5.5196,166.71,12.232,5.4078
24.141,6.4515,3.5113,25.723,6.6165,3.5449,9.9425,6.5911,3.5581
142.53,11.569,5.2407,131.58,11.818,5.3143,106.02,10.78,5.144
123.68,10.903,4.9939,116.17,10.419,4.8747,112.36,10.162,4.7939
55.861,8.3489,4.1244,37.426,8.1566,4.0821,19.445,7.1149,3.831
119.87,11.381,5.1691,108.22,11.289,5.1486,105.16,11.086,5.0996
147.42,11.613,5.2375,117.47,11.638,5.2718,87.95,10.075,5.0001
214.03,10.825,5.437,191.89,10.836,5.2458,169.28,10.339,5.0446
63.487,10.268,4.8497,50.71,10.247,4.8848,43.921,10.251,4.9134
103.05,9.9353,4.7107,94.756,9.7722,4.663,78.028,9.0742,4.4362
207.09,10.488,5.0353,147.11,10.163,4.9894,109.83,9.7715,4.9208
65.867,8.5631,4.6429,54.788,9.1116,4.6484,45.624,8.8833,4.6125
90.057,11.912,5.2507,84.122,11.794,5.2221,73.152,11.648,5.1803
125.31,10.789,5.0001,100.15,10.12,4.8393,87.641,9.5979,4.7128
106.28,10.811,4.9988,121.54,11.125,5.1594,141.31,12.083,5.3679
148.13,10.336,4.9273,135.03,10.142,4.8713,125.65,9.9863,4.8209
170.04,11.724,5.2087,157.86,11.424,5.1359,124,11.444,5.1185
65.965,8.499,4.1707,63.857,8.4569,4.1629,64.938,8.3675,4.1362
194.57,11.896,5.3075,199.91,11.74,5.282,206.9,11.474,5.2467
177.3,8.9643,4.5717,149.84,8.973,4.7649,122.72,8.9435,4.7992
72.099,9.583,4.5524,57.641,9.3962,4.5172,51.176,9.1166,4.4604
139.87,11.802,5.2265,106.76,10.817,4.9728,86.632,10.184,4.7879
150.44,11.281,5.104,149.82,11.275,5.1075,139.57,10.659,4.916
80.628,9.7503,4.6175,70.615,9.0977,4.4453,66.404,8.9553,4.3987
128.1,10.67,4.9011,98.614,10.505,4.8581,35.631,6.8699,3.7789
135.31,10.858,5.1922,137.24,12.861,5.5925,140.87,11.918,5.473
170.04,11.724,5.2087,157.86,11.424,5.1359,124,11.444,5.1185
50.767,8.7377,4.5841,32.853,8.2192,4.5119,17.978,6.2451,3.8875
76.55,8.5249,4.2217,19.962,6.0675,3.597,6.8529,3.4844,3.4455
197.71,11.119,5.2005,200.26,11.206,5.2461,193.88,11.272,5.2672
9.9945,4.2328,2.6692,10.083,4.2713,2.6821,7.8507,4.2451,2.6864
156.69,11.251,5.1745,137.93,11.435,5.1618,117.8,10.369,4.9152
118.44,11.079,5.0822,94.472,10.515,4.9575,82.35,10.11,4.8747
70.367,8.4485,4.4909,98.973,8.5241,4.4331,104.81,9.1257,4.6997
134.18,10.754,5.0276,88.847,10.228,4.9301,55.524,9.499,4.7704
195.23,10.922,5.252,192.24,11.951,5.585,185.32,12.414,5.4473
187.6,10.555,4.992,162.38,10.225,4.9017,113.65,9.6063,4.7366
54.751,8.2611,4.1549,106.39,10.607,4.9149,94.398,10.324,4.7953
108.49,9.5642,4.6076,120.74,10.484,4.8959,108.7,9.3795,4.7535
173.62,9.5208,4.9129,139.56,7.6909,4.0626,115.98,7.8214,4.0584
188.34,12.449,5.4532,189.8,12.587,5.4957,193.89,12.754,5.5391
153.77,10.372,4.9889,145.56,10.289,4.9447,134.03,10.217,4.8928
108.6,10.53,4.8997,82.196,9.9498,4.7392,73.962,9.8379,4.6733
43.587,8.1197,4.1417,43.587,8.1197,4.1417,43.587,8.1197,4.1417
195.23,10.922,5.252,192.24,11.951,5.585,185.32,12.414,5.4473
156.81,10.671,4.9706,153.07,10.827,4.9791,142.7,10.826,4.9754
64.591,8.9356,4.511,87.382,8.948,4.5217,111.57,9.4619,4.6671
105.25,11.029,5.0639,104.09,10.891,5.0386,107.38,10.838,5.0415
53.039,9.6,4.5517,50.085,9.4778,4.5221,44.844,9.1082,4.4241
194.08,11.304,5.1397,186.24,11.497,5.1991,182.9,11.845,5.267
54.687,6.7881,3.8435,56.728,7.7183,4.0184,62.539,7.8444,4.0335
66.155,9.8933,4.7283,56.628,9.7407,4.7097,75.838,10.622,4.9684
145.79,10.551,5.0205,131.93,10.286,4.9843,102.84,10.855,5.1385
67.236,10.215,4.8278,89.87,11.864,5.3189,111.71,12.019,5.2838
43.846,8.6503,4.6382,46.551,8.8306,4.6407,46.758,8.7322,4.6032
84.53,12.3,5.4269,65.894,12.445,5.4324,63.081,12.511,5.4355
105.29,10.793,5.0468,100.71,10.438,4.9249,86.847,9.3797,4.5797
194.08,11.304,5.1397,186.24,11.497,5.1991,182.9,11.845,5.267
118.4,10.376,4.8726,129.03,10.467,4.8973,139.79,10.803,4.965
154.26,11.778,5.2394,145.3,11.656,5.2001,131.09,11.427,5.1347
103.95,9.601,4.584,144.61,8.7205,4.3867,186.81,12.343,5.477
163.5,11.182,5.1122,94.701,9.9787,4.6915,85.839,9.414,4.5161
117.12,10.74,4.9384,92.754,10.028,4.7457,90.088,9.9115,4.7391
112.17,7.5744,4.4785,112.63,7.2961,4.4777,108.59,6.9008,4.5668
112.19,7.6097,4.4948,112.65,7.321,4.4881,108.64,6.9493,4.5825
88.565,8.9263,4.425,89.307,8.9295,4.4283,75.737,9.2155,4.5088
64.912,9.1953,4.5507,62.763,8.5062,4.3632,65.119,8.2587,4.3303
152.24,9.992,4.6991,104.41,9.4823,4.7452,93.369,12.32,5.4504
159.28,11.486,5.152,169.75,11.064,5.0545,192.87,12.255,5.4872
54.516,8.4268,4.2554,53.048,8.33,4.2271,51.139,8.2874,4.2414
130.47,10.907,5.0466,108.77,10.413,4.9039,93.89,9.9605,4.7715
112.89,11.534,5.1665,115.69,11.487,5.1552,116.53,11.514,5.1618
140.83,10.014,4.8475,130.43,9.7354,4.7095,127.88,9.4864,4.5928
88.775,9.5003,4.5316,80.851,9.1204,4.4175,72.606,8.7042,4.2755
130.59,11.612,5.272,126.33,11.522,5.2532,106.98,10.656,5.0751
123.07,10.083,4.8848,121.09,10.346,4.9343,120.76,9.9684,4.8883
152.79,12.308,5.3333,152.79,12.308,5.3333,152.79,12.308,5.3333
130.04,12.455,5.4182,117.61,12.371,5.404,95.556,11.938,5.3268
139.84,10.132,4.7203,141.17,10.163,4.7257,142.21,10.173,4.7295
99.14,8.9016,4.5279,86.452,8.9588,4.5471,61.253,7.864,4.1282
78.861,9.849,4.6874,79.202,9.8223,4.6821,69.561,9.4823,4.5863
66.724,8.6482,4.3041,66.724,8.6482,4.3041,66.724,8.6482,4.3041
94.02,11.084,5.0388,93.613,10.895,4.9914,106.78,10.381,4.8221
121.63,9.7363,4.6842,108.26,9.7385,4.6828,65.627,9.0028,4.4557
144.72,10.082,4.857,144.09,10.101,4.8672,139.53,9.9333,4.8197
86.823,8.4288,4.2083,94.734,8.8575,4.342,91.62,9.1146,4.4201
130.47,10.907,5.0466,108.77,10.413,4.9039,93.89,9.9605,4.7715
107.69,9.0509,4.624,91.209,8.8906,4.5649,75.482,8.9014,4.6011
157.02,11.504,5.2559,146.21,12.02,5.3441,147.64,11.824,5.324
61.109,8.0043,4.2189,50.693,7.6293,4.1369,32.13,7.1638,4.1451
139.84,10.132,4.7203,141.17,10.163,4.7257,142.21,10.173,4.7295
118.44,11.079,5.0822,94.472,10.515,4.9575,82.35,10.11,4.8747
62.966,10.28,4.7658,44.245,9.3408,4.5623,31.971,8.6008,4.3419
146.65,9.9399,4.8184,96.834,9.5086,4.755,60.185,9.1781,4.6824
29.118,8.1477,4.1233,38.209,7.5055,3.8869,58.23,8.9677,4.3825
153.97,12.226,5.3509,123.6,12.169,5.3582,93.998,11.938,5.3156
134.52,10.874,4.9865,117.29,10.014,4.7297,106.28,9.8697,4.694
109.38,10.281,4.8253,92.239,10.157,4.8117,78.277,9.6749,4.6997
109.32,9.8989,4.7631,110.54,9.9066,4.7811,113.8,10.271,4.8405
106.03,8.5198,4.3686,108.93,8.1748,4.2267,88.835,8.4867,4.3528
100.07,10.684,4.9521,94.369,9.8349,4.7373,96.21,9.6118,4.7324
98.483,9.2662,4.5382,83.957,10.056,4.7701,77.413,11.024,4.9797
85.048,10.271,4.8104,80.086,10.112,4.7617,77.232,9.9998,4.7344
23.727,7.605,3.9745,25.223,7.9576,4.0713,28.273,8.2498,4.1123
57.301,9.3954,4.5939,155.92,11.409,5.1933,202.51,12.107,5.3743
88.423,9.8922,4.8663,81.43,10.401,5.0317,76.249,10.648,5.0954
23.954,7.5428,3.9418,25.459,7.918,4.0587,28.518,8.257,4.1151
143.22,11.427,5.1289,150.8,11.096,5.0389,160.24,10.628,4.9366
51.762,9.4377,4.5341,63.287,9.9795,4.6875,84.382,10.401,4.8013
8.1843,5.2002,3.485,110.6,10.678,4.8933,122.2,10.552,4.8621
136.46,11.184,5.128,109.28,10.852,5.0657,78.934,10.257,4.9538
117.81,10.755,5.2877,130.15,12.32,5.4817,145.86,12.86,5.4956
147.66,11.378,5.1594,159.64,11.24,5.1261,161.89,11.031,5.0937
63.117,11.624,5.3804,63.117,11.624,5.3804,63.117,11.624,5.3804
108.83,10.26,4.7824,83.603,9.8138,4.6753,51.921,8.9519,4.4636
126.73,10.84,4.9563,115.02,10.108,4.8254,123.2,10.912,4.9536
35.13,8.7859,4.4419,37.816,8.5592,4.4028,37.332,8.8433,4.4811
183.04,10.86,4.9952,157.9,10.309,4.8501,119.73,9.7324,4.6185
185.85,11.248,5.1815,45.55,9.1019,4.5054,10.148,4.2054,2.8056
2.433,4.4296,3.2841,2.4067,4.5474,3.3094,4.0659,5.5114,3.4397
54.415,11.027,4.9951,54.212,10.999,4.9861,48.106,10.76,4.9436
167.94,12.011,5.2532,137.91,11.933,5.2333,99.086,11.593,5.1693
33.318,6.5,3.5117,24.682,6.8095,3.8139,28.775,8.5028,4.4052
188.97,12.39,5.4035,182.16,12.414,5.4083,182.72,12.423,5.4046
72.77,8.4656,4.2221,32.532,6.8622,3.6533,17.656,5.3883,3.1439
183.04,10.86,4.9952,157.9,10.309,4.8501,119.73,9.7324,4.6185
112.91,10.263,4.7937,110.68,10.075,4.7463,99.239,8.1175,4.1437
145.78,10.216,4.9108,137.53,10.136,4.8806,133.75,10.125,4.8747
88.81,9.7999,4.6246,54.398,8.0916,4.1209,22.835,5.6365,3.2881
98.373,9.5624,4.7695,98.381,9.5627,4.7696,98.388,9.5629,4.7697
104.47,10.991,4.9909,69.676,8.9637,4.3368,84.794,9.7015,4.5655
164.22,12.184,5.3064,185.76,12.131,5.2935,204.33,12.015,5.2675
193.82,14.067,5.9471,193.13,14.33,5.96,198.14,14.401,5.9424
205.09,8.7154,4.8407,171.59,7.7845,4.656,151.24,7.5231,4.6649
156.09,12.19,5.4255,32.907,8.4723,4.3272,9.0888,5.4315,3.5842
88.275,10.03,4.802,91.12,10.003,4.8109,95.303,10.379,4.9392
102.82,10.061,4.7942,102.46,10.126,4.7946,101.21,10.05,4.7674
91.288,8.6787,4.5163,84.303,9.1155,4.5855,68.862,9.118,4.4731
112.44,11.179,5.0643,135.07,10.835,4.9899,153,10.571,4.9854
117.46,10.181,4.9764,71.406,9.2165,4.8114,39.067,6.8738,4.2752
125.96,11.158,5.0869,91.349,10.615,4.9412,62.445,10.13,4.8395
43.42,7.6867,4.0793,31.636,7.1483,3.9267,26.661,7.0727,3.9352
176.92,10.816,5.0734,117.06,10.322,4.9203,71.181,9.2926,4.6162
80.752,9.6919,4.6148,68.708,9.5227,4.5679,55.201,9.2565,4.489
133.22,11.15,5.0695,122.32,10.555,4.9055,112.98,9.2867,4.477
169.46,12.91,5.5546,180.04,12.953,5.5594,191.56,12.962,5.56
120.12,11.413,5.1689,151.36,11.374,5.1874,191.61,11.113,5.1566
149.84,11.715,5.2093,149.84,11.715,5.2093,149.84,11.715,5.2093
125.96,11.158,5.0869,91.349,10.615,4.9412,62.445,10.13,4.8395
70.643,6.7062,3.7391,58.38,7.0596,3.9142,67.811,7.832,4.2711
59.607,8.2824,4.176,61.525,8.5428,4.2706,61.563,7.823,4.0701
172,10.306,4.8685,146.48,10.074,4.8226,117.78,10.457,4.9276
114.47,9.8521,4.7474,96.657,9.4505,4.7078,63.776,8.5333,4.4526
176.92,10.816,5.0734,117.06,10.322,4.9203,71.181,9.2926,4.6162
108.86,10.808,4.9628,129.8,10.234,4.98,123.2,10.82,4.9576
228.94,14.29,5.9156,196.04,13.072,5.5676,195.33,13.027,5.5562
165.34,10.889,4.9513,163.73,10.918,4.9566,158.99,11.022,4.9826
76.075,10.37,4.858,80.088,10.243,4.8097,68.228,9.8149,4.7496
75.944,10.062,4.8145,75.397,10.12,4.8336,75.796,10.059,4.814
141.6,12.074,5.3455,141.28,11.78,5.2506,137.1,11.497,5.1665
76.075,10.37,4.858,80.088,10.243,4.8097,68.228,9.8149,4.7496
141.92,11.015,5.0211,133.39,11.323,5.1027,138.7,11.006,5.0166
133,10.558,4.9726,125.37,10.751,5.0678,121.11,10.063,5.0324
29.554,6.8434,3.6796,29.63,7.7018,4.0537,30.705,7.5309,4.0009
143.08,10.35,4.9831,110.43,9.7723,4.7235,69.156,8.2776,4.174
69.946,8.2043,4.1723,72.149,8.6463,4.2962,84.516,8.967,4.3807
89.449,10.705,5.0161,90.199,10.789,4.9957,88.809,10.135,4.8155
145.76,11.277,5.2977,145.76,11.277,5.2977,145.76,11.277,5.2977
2.5718,2.7411,2.0336,2.5684,2.7351,2.0281,2.5868,2.744,2.0341
147.74,11.162,5.3,144.83,11.115,5.2841,137,10.834,5.2027
78.748,8.0568,4.1069,63.104,7.8927,4.0435,58.159,7.8715,4.0227
94.26,9.2248,4.4559,97.531,9.1856,4.4396,67.794,8.7293,4.3172
21.56,5.0055,3.207,24.813,6.8199,3.8094,24.653,6.5174,3.7625
129.04,9.9548,4.7709,130.95,10.495,4.8921,88.915,9.8318,4.7059
103.16,10.043,4.7972,103.16,10.043,4.7972,103.16,10.043,4.7972
96.184,11.462,5.1121,56.619,10.235,4.8072,31.581,8.3831,4.2601
173.23,11.958,5.3753,169.09,11.927,5.352,164.32,11.725,5.2875
55.84,8.7428,4.3455,65.276,9.0787,4.46,88.617,9.937,4.7299
116.29,9.6571,4.7174,112.25,9.654,4.6719,99.5,8.6342,4.3397
203.45,10.868,4.9721,184.4,10.961,4.9561,164.66,11.017,4.9669
163.18,11.698,5.286,137.61,11.217,5.1136,113.54,10.717,4.9559
10.988,3.9415,2.5276,38.355,7.4088,4.0818,66.349,8.7902,4.476
4.1979,4.0473,2.7915,17.834,6.2252,3.8574,33.584,7.6563,4.2113
146.47,10.934,5.076,142.7,10.841,5.0576,139.35,10.805,5.0346
87.657,10.231,4.7762,92.415,9.5168,4.536,91.96,9.1838,4.458
174.64,12.234,5.3638,200.9,12.052,5.2805,172.12,12.578,5.458
105.72,10.332,4.8091,57.976,9.3187,4.6075,37.207,7.7764,4.2131
125.4,11.225,5.1203,126.3,11.153,5.0996,123.98,10.908,5.0497
55.438,7.7151,3.9716,53.069,7.3012,3.8577,68.751,8.3846,4.2626
73.851,9.0386,4.4755,76.943,9.2057,4.532,68.516,9.2588,4.5231
94.236,9.8727,4.6227,91.676,9.3336,4.4426,92.689,9.3123,4.4306
116.81,10.526,4.8905,122.59,10.396,4.8332,130.82,10.469,4.8662
182.69,9.2841,4.7261,157.84,9.4606,4.5385,138.5,9.9518,4.6519
127.63,11.223,5.0982,113.38,10.665,4.95,85.789,9.9325,4.7243
106.4,9.3487,4.4952,53.364,8.4641,4.2094,3.7508,3.4581,2.4731
225.79,13.174,5.7214,223.95,13.485,5.7556,227.86,13.728,5.8047
185.61,3.564,3.4265,192.84,3.6127,3.645,208.83,4.0455,4.0752
118.62,11.503,5.1425,95.833,10.969,5.0453,69.259,9.3499,4.6051
90.773,10.122,4.7362,72.965,10.112,4.7419,55.537,9.8955,4.7332
92.559,9.8226,4.8034,69.234,9.5344,4.722,58.098,9.2642,4.6554
102.55,10.05,4.8627,103.4,9.8664,4.7814,108.31,9.6012,4.7032
90.731,7.878,3.9916,86.342,7.7598,3.952,83.478,7.8066,3.9854
147.84,11.56,5.2215,117.91,11.519,5.2446,88.678,9.9278,4.9554
88.775,9.5003,4.5316,80.851,9.1204,4.4175,72.606,8.7042,4.2755
102.32,10.518,4.9103,93.256,10.354,4.8827,93.059,9.9015,4.7509
49.507,8.8598,4.5159,56.122,8.9062,4.5005,46.73,8.728,4.4411
225.79,13.174,5.7214,223.95,13.485,5.7556,227.86,13.728,5.8047
99.529,10.625,4.8463,56.602,10.207,4.7675,21.573,7.6822,4.1555
200.71,13.666,5.7292,198.26,13.65,5.7233,195.23,13.619,5.7132
166.09,11.559,5.2291,157.65,11.692,5.2632,131.72,11.837,5.3262
54.574,7.832,3.9883,46.993,7.7086,3.967,39.874,7.6839,4.0585
124.66,10.765,5.0075,127.14,10.938,5.0481,128.27,11.168,5.0789
132.99,11.303,5.0834,124.7,10.765,4.9379,124.61,10.786,4.978
127.47,10.286,4.7547,124.56,10.274,4.7423,115.66,10.288,4.7438
110.65,10.504,4.8618,79.253,9.9482,4.8043,69.595,8.7226,4.3453
34.043,8.3629,4.1873,36.347,8.455,4.2076,39.988,8.533,4.2239
97.025,10.502,4.8431,106.19,10.414,4.8368,106.26,10.753,4.9605
47.235,8.6237,4.2494,46.89,8.6135,4.2436,50.307,8.7348,4.3004
56.545,9.1724,4.4332,57.074,8.8049,4.3481,59.427,7.9681,4.0906
105.19,11.599,5.2693,102.89,11.424,5.1783,102.4,11.019,5.0684
14.947,5.3643,3.4468,13.792,5.1386,3.3449,11.991,4.8797,3.2475
138.75,9.8848,4.8317,124.48,10.018,4.8829,83.299,9.464,4.7222
17.886,5.8977,3.6371,22.175,5.9063,3.6146,33.245,6.1385,3.733
77.516,9.165,4.4651,72.05,9.0428,4.4295,71.537,8.9647,4.4129
126.37,10.495,4.8939,123.3,10.232,4.8048,117.79,9.731,4.6605
57.483,9.3157,4.5166,41.968,8.8654,4.3699,24.356,8.3012,4.2295
103.86,10.215,4.7336,106.73,10.331,4.771,100.4,10.335,4.7701
128.97,8.5027,4.3255,10.51,5.1372,3.0927,5.1168,2.7025,2.0647
58.16,8.8962,4.3255,58.16,8.8962,4.3255,58.16,8.8962,4.3255
149.03,8.8108,4.6744,144.42,9.0431,4.7048,143.49,9.125,4.6985
19.887,7.2089,3.816,20.739,7.4073,3.8412,22.992,7.4924,3.8479
175.87,10.863,5.258,142.29,10.419,4.8881,111.34,9.1074,4.4346
92.513,9.7939,4.9399,92.384,9.9828,5.0008,92.384,9.9828,5.0008
55.456,9.3961,4.5653,78.432,9.8653,4.6898,108.39,10.147,4.747
128.75,9.8067,4.6588,50.464,8.0486,4.139,22.995,6.7087,4.0438
71.917,9.606,4.5849,77.496,9.6582,4.6131,81.712,9.5194,4.5651
183.55,11.183,5.0922,178.69,11.341,5.1272,176.74,11.412,5.1461
92.297,9.3216,4.798,98.62,9.163,4.7549,115.36,9.7,4.8468
73.851,9.251,4.6868,67.673,9.457,4.6722,61.018,8.6767,4.4663
128.15,9.4101,4.9323,119.88,8.9507,4.8133,98.881,8.7571,4.7696
62.078,10.401,4.8689,61.902,10.407,4.8689,62.321,10.295,4.845
138.75,9.8848,4.8317,124.48,10.018,4.8829,83.299,9.464,4.7222
110.29,10.508,4.8257,80.234,10.275,4.7656,28.608,9.3088,4.7789
103.08,10.371,4.7688,213.52,10.896,5.3694,177.37,11.416,5.4931
212.48,12.373,5.518,209.02,12.238,5.4431,204.32,12.15,5.3816
28.324,6.1177,3.4321,21.61,5.7397,3.3161,15.824,5.1326,3.1874
90.402,5.2224,3.1496,104.51,4.6952,3.0145,144.44,6.3093,4.7239
57.524,8.6375,4.4003,57.987,8.6417,4.4041,62.134,8.6049,4.3869
85.048,10.271,4.8104,80.086,10.112,4.7617,77.232,9.9998,4.7344
235.73,11.684,5.8885,235.73,11.684,5.8885,235.73,11.684,5.8885
176.4,12.795,5.4769,174.59,12.41,5.3751,168.76,12.114,5.2829
98.502,10.773,4.9267,87.736,10.515,4.8693,78.806,10.132,4.7562
23.952,7.1239,4.1016,28.135,7.2119,3.8957,8.6264,4.0278,3.4974
147.47,10.517,4.9086,116.06,10.034,4.7861,96.393,9.6089,4.6859
206.32,11.131,5.1151,198.65,10.851,4.9998,185.71,10.781,4.9309
52.604,6.2011,4.004,51.427,6.7359,4.2887,50.052,6.8887,4.2517
146.26,12.037,5.3057,130.27,11.734,5.2192,93.168,11.196,5.0917
72.939,9.1786,4.4393,44.892,8.7296,4.3741,27.19,7.392,4.0099
99.842,9.9557,4.709,84.012,9.4872,4.6005,76.181,9.3865,4.569
28.219,7.4493,3.8264,21.915,7.4154,3.8197,16.196,7.363,3.8113
177.88,11.725,5.2195,165.52,11.134,5.0154,157.65,10.854,4.969
111.36,9.4265,4.6062,94.152,9.2554,4.5666,72.746,9.0824,4.5562
129.54,10.956,4.9885,122.26,10.687,4.9091,109.1,10.153,4.7675
129.31,12.104,5.4336,108.48,11.082,5.2954,74.062,8.1292,4.4143
109.31,11.616,5.203,122.89,11.378,5.1493,142.45,11.632,5.2253
18.003,6.9216,3.881,17.026,6.819,3.8547,17.187,6.794,3.8547
162.08,6.0067,4.0006,162.08,6.0067,4.0006,162.08,6.0067,4.0006
141.99,10.438,4.9508,141.33,10.12,4.8895,141.71,9.6129,4.7615
105.13,9.6268,4.891,94.261,9.5261,4.893,77.325,8.1109,4.4934
70.889,8.8771,4.4248,62.959,8.6932,4.3809,55.795,8.2464,4.2512
162.08,6.0067,4.0006,162.08,6.0067,4.0006,162.08,6.0067,4.0006
60.733,8.745,4.4105,55.157,8.6864,4.4262,55.844,8.3845,4.32
146.56,12.258,5.3362,74.647,8.2903,4.4868,59.996,7.5867,4.0081
116.08,10.912,5.0013,107.39,10.707,4.9123,90.975,9.8074,4.6565
74.155,8.6152,4.3523,69.3,8.5064,4.3393,69.554,8.628,4.3462
59.541,8.5303,4.2979,48.245,8.1839,4.2677,47.825,8.1595,4.2069
183.17,11.898,5.3891,102.16,9.8495,4.6582,91.135,9.6098,4.5997
112.12,10.573,4.9082,104.56,9.9161,4.737,99.909,9.5429,4.5891
78.252,9.6618,4.6447,74.8,9.3514,4.5488,72.342,8.9801,4.4329
58.378,8.9142,4.5175,37.081,8.4114,4.3347,29.642,8.2923,4.3387
89.424,7.3259,4.5924,100.62,7.3829,4.5334,46.884,5.09,3.3859
128.44,11.224,5.1022,112.82,10.659,4.9307,111.94,9.9789,4.7539
112.99,10.725,4.9144,99.971,10.467,4.8297,84.448,9.8496,4.6664
49.583,8.5515,4.3301,40.76,8.2356,4.2301,37.708,8.1268,4.2511
53.706,9.7765,4.6296,36.081,7.9261,4.0696,37.92,6.8028,3.8837
65.019,9.7088,4.6592,54.898,9.3779,4.5479,52.031,9.0897,4.473
96.183,10.202,4.9319,87.067,10.35,4.9925,76.115,10.653,5.0352
112.96,10.395,4.8044,106.41,10.199,4.7402,79.779,8.448,4.2234
141.3,12.33,5.3486,142.34,12.324,5.3454,150.53,12.311,5.3409
69.736,9.0252,4.4732,70.565,9.2001,4.4591,74.4,9.0736,4.441
84.424,9.4798,4.658,66.95,9.0011,4.4453,63.78,9.3306,4.5438
75.429,8.9798,4.5283,60.636,8.7498,4.3649,59.094,8.8406,4.3661
120.97,10.928,4.9858,109.14,10.297,4.8234,87.219,10.033,4.7534
105.39,9.3718,4.5907,88.983,10.966,5.1712,97.573,12.04,5.3564
100.6,9.8328,4.7244,101.55,9.7729,4.6939,116.84,10.4,4.8264
72.29,9.0062,4.4612,71.8,9.0189,4.4696,69.616,8.9454,4.4573
67.181,9.843,4.6835,43.351,8.6918,4.3146,34.399,7.9528,4.0753
76.397,9.2208,4.5218,66.171,9.213,4.5439,61.688,8.9934,4.4678
52.48,9.0911,4.4827,47.729,8.7756,4.386,50.551,9.0605,4.468
62.061,8.8653,4.4458,52.106,8.7604,4.4167,62.652,8.9258,4.4451
68.384,8.8742,4.5066,45.137,8.3638,4.3179,45.595,8.1242,4.2243
93.849,8.9117,4.484,78.589,8.9001,4.4312,74.327,8.9526,4.4887
156.6,12.211,5.3258,146.57,12.233,5.33,146.12,12.014,5.2661
87.83,9.2195,4.6927,76.206,8.8388,4.5415,63.777,8.6149,4.3195
90.617,10.12,4.7428,85.851,9.8824,4.6837,80.46,9.3259,4.497
76.9,9.0215,4.4519,65.413,8.1514,4.19,67.774,8.3603,4.2714
53.882,8.507,4.3338,42.831,7.8077,4.0869,38.675,7.5601,3.9922
60.985,8.7538,4.5061,49.277,8.6328,4.3832,49.809,8.5386,4.3247
96.477,10.529,4.8842,87.503,10.193,4.7585,84.862,9.5502,4.6672
99.786,10.272,4.8149,97.687,10.009,4.7133,109.22,9.8528,4.6671
81.626,8.215,4.3938,63.017,9.446,4.5422,87.684,9.0271,4.5977
93.349,9.9676,4.7306,98.112,9.4723,4.5755,130.17,11.21,5.1162
70.047,9.1094,4.6148,82.761,9.4887,4.698,111.67,10.196,4.8968
59.212,8.9356,4.5615,62.647,8.9538,4.5661,63.842,9.121,4.482
165.6,11.094,5.2727,86.045,9.6191,4.5683,85.604,9.6204,4.5656
47.283,6.2395,3.4869,55.215,6.8086,3.8865,84.224,10.172,4.9649
54.874,8.4152,4.3473,48.473,8.3472,4.3919,61.906,8.3602,4.2621
144.75,11.953,5.2658,141.72,11.736,5.2048,137.84,11.35,5.085
135.26,9.2501,4.6315,131.13,10.516,5.1494,112.66,9.7412,4.6682
50.064,8.5851,4.4061,41.417,8.4219,4.3591,40.264,8.2163,4.3251
35.244,8.2307,4.2387,33.282,8.1185,4.2073,37.203,8.1084,4.175
92.543,9.2867,4.6517,88.625,9.4881,4.6552,84.242,9.5515,4.623
91.176,10.047,4.696,80.983,9.9008,4.6632,74.756,9.7841,4.6896
59.887,8.7839,4.5221,56.366,8.7382,4.5216,59.078,8.5469,4.351
121.7,11.682,5.2559,103.49,11.322,5.2105,85.186,10.58,5.0195
100.49,10.626,4.8946,92.301,10.199,4.7807,83.569,9.5661,4.6112
87.097,9.8237,4.6594,74.666,9.5424,4.6188,81.095,8.4388,4.37
75.833,8.8981,4.5122,50.445,8.7115,4.3983,44.665,8.4193,4.2908
114.37,10.223,4.7891,96.387,9.9846,4.7149,84.279,9.4876,4.5693
115.98,12.093,5.5224,144.56,12.837,5.511,191.14,12.82,5.4856
56.877,9.1192,4.5207,48.91,8.8651,4.4245,42.291,8.1662,4.2246
86.229,9.4819,4.5642,61.822,8.4816,4.2743,52.251,7.9359,4.0942
59.88,8.8498,4.5187,52.75,8.6473,4.4348,49.029,8.5694,4.3048
58.205,8.824,4.4154,44.534,8.2256,4.2474,40.333,8.1226,4.2121
37.252,8.4903,4.3269,34.105,8.1946,4.2403,31.398,8.0335,4.2044
41.468,8.3565,4.2328,37.441,8.0534,4.1338,38.672,8.1982,4.1812
123.64,10.928,5.0392,85.452,9.0087,4.4736,83.038,8.8621,4.4024
86.533,9.9133,4.6849,76.114,9.7878,4.6822,100.15,10.413,4.899
90.743,10.182,4.8277,67.691,9.0634,4.5092,63.355,8.9607,4.4636
61.888,8.8647,4.3995,57.359,8.746,4.5056,63.239,8.6679,4.3395
67.095,9.0513,4.4329,63.502,8.7758,4.3504,58.846,8.5221,4.3008
86.602,9.9571,4.695,71.002,9.112,4.4717,64.077,8.6716,4.3145
76.764,9.1849,4.4914,65.784,9.0198,4.4485,59.237,8.6605,4.3907
95.623,10.414,4.8943,89.323,10.21,4.8286,86.715,10.357,4.881
48.19,8.6259,4.3936,41.589,8.2519,4.3231,42.535,8.2626,4.3041
106.66,10.99,4.9995,87.438,9.9504,4.6927,77.398,9.3457,4.537
69.29,8.7413,4.453,61.466,8.8257,4.4567,56.397,8.8235,4.4569
48.92,8.8246,4.4111,41.38,8.5985,4.3651,40.932,8.6589,4.4346
71.386,9.6363,4.5542,66.932,9.529,4.5359,61.157,9.1174,4.4174
113.88,10.648,4.9605,94.852,9.9952,4.7435,103.26,10.157,4.7723
126.98,10.962,4.9994,124.05,10.902,4.9782,120.98,10.796,4.9497
63.387,8.8272,4.4339,48.557,8.6094,4.3776,44.444,8.4919,4.3723
87.847,9.8762,4.666,73.242,9.4785,4.5638,61.802,8.9324,4.4416
121.73,11.626,5.2277,133.84,11.867,5.2487,151.75,12.02,5.2751
47.627,7.8716,4.0159,40.65,7.8461,4.0328,40.686,8.4531,4.2992
48.897,8.8856,4.4396,37.895,8.4654,4.2984,31.833,8.1127,4.1758
132.42,13.244,5.6214,137.1,13.118,5.5763,96.832,9.8665,4.8876
50.008,8.9794,4.4539,42.155,8.5045,4.2875,43.741,8.691,4.3373
134.3,11.309,5.1231,120.21,9.9121,4.7224,109.36,9.2952,4.5053
62.4,9.0324,4.4755,60.931,8.6622,4.3378,61.054,8.6825,4.3415
83.425,9.5365,4.5658,66.577,8.5861,4.2761,57.228,8.2913,4.1838
84.029,9.1131,4.4975,79.308,9.1592,4.5048,76.063,9.3317,4.5474
77.11,9.6656,4.6244,75.786,9.4693,4.5734,72.52,9.3252,4.57
80.99,8.3705,4.4126,71.684,8.6104,4.5012,59.638,8.6375,4.3671
77.336,9.3201,4.529,75.144,9.1045,4.4815,73.281,8.9647,4.402
81.462,10.087,4.7336,70.281,9.5614,4.589,66.909,9.1146,4.4467
62.37,9.5079,4.6103,45.321,8.9091,4.4026,39.344,8.4472,4.2808
57.706,8.8686,4.453,54.505,8.6781,4.3773,53.476,8.7958,4.4153
150.8,11.382,5.1158,150.84,11.334,5.1059,150.12,11.571,5.1984
145.27,11.284,5.0375,189.65,11.009,5.0047,225.77,8.2209,4.9235
70.627,9.1168,4.6108,74.888,9.6557,4.6967,66.87,7.8627,4.0862
98.625,10.584,4.8919,84.217,9.9915,4.7143,77.94,9.4504,4.5962
56.9,8.9824,4.4649,53.149,8.6851,4.4106,57.261,8.7856,4.4338
70.154,9.2073,4.5103,59.253,9.0217,4.4634,56.447,9.1716,4.5382
113.41,10.522,4.8559,92.18,8.9945,4.4273,97.808,10.255,4.8004
204.19,14.123,5.9141,200.04,13.715,5.8221,194.98,13.676,5.7798
55.563,8.3394,4.3793,49.607,8.3844,4.3725,52.942,8.4811,4.3639
121.07,9.5944,4.6009,110.95,9.5528,4.5822,88.678,9.3875,4.5284
72.376,8.9425,4.481,61.978,9.1194,4.4887,57.099,9.0652,4.4613
80.16,8.3873,4.3599,61.566,8.4887,4.4504,45.142,8.3713,4.2869
118.38,10.727,4.96,107.04,10.457,4.8594,97.782,10.246,4.7828
56.491,8.9198,4.4632,50.618,8.6766,4.3763,45.936,8.5147,4.3196
79.966,10.117,4.7768,71.601,9.7292,4.6642,70.29,9.4901,4.5811
89.272,9.51,4.5602,83.569,8.8165,4.3092,90.56,8.6539,4.2608
98.295,8.7502,4.4469,73.908,8.1124,4.2368,74.723,7.6865,4.0007
23.907,7.3834,4.0136,22.553,7.2561,4.0465,17.36,6.9918,3.9637
78.312,8.8376,4.6265,66.627,8.9979,4.3983,62.796,8.8916,4.4288
76.018,8.6182,4.4213,60.668,8.703,4.4827,52.145,8.5563,4.3585
57.312,8.9993,4.4532,55.596,8.8784,4.4054,55.063,8.7728,4.3661
69.109,8.9708,4.5194,50.706,8.5597,4.3494,48.657,8.3406,4.275
72.752,9.4444,4.5706,66.378,9.232,4.5085,62.113,9.0102,4.4508
137.08,9.865,4.7926,149.62,11.899,5.4302,120.3,9.1676,4.4296
106.68,10.037,4.7527,114.55,10.44,4.8813,117.86,10.767,4.9509
141.73,11.309,5.0727,114.24,11.379,5.1655,101.07,9.5913,4.7366
97.665,11.084,5.0136,89.333,10.638,4.8856,78.759,10.13,4.7222
140.23,10.366,4.8953,138.26,10.301,4.8761,137.18,10.271,4.8668
116.46,10.514,4.8803,101.08,10.31,4.8026,87.194,10.045,4.7204
136.41,11.288,5.1551,117.07,11.158,5.073,106.43,10.978,4.9711
68.369,9.3421,4.5319,64.817,9.2628,4.4977,62.911,9.0371,4.4384
108.19,9.9654,4.7103,81.109,9.8105,4.6332,65,9.6536,4.5838
94.389,9.7989,4.5932,84.661,8.9554,4.4243,55.334,9.2301,4.5104
92.144,10.596,4.9244,88.342,10.42,4.844,90.282,10.375,4.8174
66.303,8.7788,4.3143,54.289,8.556,4.2621,25.676,7.3245,3.9827
97.448,10.342,4.8682,86.991,9.6085,4.619,79.467,9.9072,4.7418
56.881,8.7536,4.4413,51.186,8.6697,4.4127,46.186,8.569,4.3815
66.781,9.0556,4.491,56.421,8.7604,4.3861,53.793,8.4996,4.2884
84.103,8.7245,4.454,82.563,8.5777,4.4768,76.668,9.1935,4.581
46.982,8.4822,4.1849,38.709,8.2018,4.1033,37.8,8.0189,4.0509
199.65,8.8689,5.0095,182.5,12.641,5.6619,182.18,13.14,5.7412
34.02,8.1115,4.1179,33.079,7.9619,4.0976,28.435,7.7619,4.0635
74.952,9.019,4.4988,64.555,9.315,4.5639,69.827,9.3139,4.5421
79.018,8.9869,4.4433,61.736,8.8703,4.4336,54.716,8.7248,4.3897
41.293,8.6674,4.4041,34.704,8.0338,4.2177,31.856,7.793,4.161
49.96,8.9425,4.5004,40.873,8.5244,4.3305,42.247,8.4929,4.3203
65.459,9.0202,4.5367,50.546,8.5862,4.3125,45.047,8.2955,4.2563
50.948,8.5359,4.3369,50.365,8.5585,4.3265,54.736,8.8648,4.446
80.991,8.3441,4.2793,79.028,8.4712,4.253,77.372,8.7623,4.3298
84.29,10.388,4.8383,76.103,9.6846,4.6471,76.089,9.4471,4.5662
52.872,8.7598,4.3834,44.481,8.5832,4.3386,41.058,8.4113,4.3093
114.59,10.056,4.7088,112.23,9.7162,4.5994,110.8,9.5045,4.5397
73.337,8.2956,4.2776,76.322,8.7375,4.3829,70.949,8.2563,4.259
87.849,10.097,4.7672,73.853,9.6848,4.6489,66.913,9.5399,4.6135
137.04,12.124,5.3766,141.47,11.85,5.2427,143.71,11.602,5.1555
127.96,11.3,5.1736,130.15,11.358,5.1624,136.93,11.35,5.1498
114.04,10.945,4.9994,110.96,10.735,4.9376,93.408,10.092,4.7531
47.409,8.6272,4.3599,43.004,8.3075,4.2514,45.549,8.2832,4.2349
63.526,8.4929,4.5335,63.845,8.5674,4.5353,63.791,8.2398,4.1555
69.909,9.2011,4.5093,72.307,9.1621,4.4991,77.661,8.9813,4.4867
61.729,8.9012,4.4294,53.916,8.4598,4.329,51.828,8.2593,4.2741
101.42,11.01,5.0254,89.764,10.742,4.979,70.591,9.9902,4.8094
96.166,9.8851,4.685,91.742,9.6911,4.6602,98.205,9.6115,4.6704
72.857,8.7368,4.4577,50.873,8.8615,4.4558,46.027,8.3988,4.2796
80.989,9.5685,4.5334,67.644,9.326,4.4704,55.708,8.9168,4.3602
57.817,9.0277,4.5003,52.33,8.8489,4.4441,52.645,8.7323,4.4016
107.05,9.7205,4.8619,122.35,9.4885,4.7775,102.39,8.2155,4.1656
20.111,7.0012,3.9617,18.009,6.6847,3.8792,16.445,6.6556,3.8316
44.115,8.6638,4.3878,39.129,8.4445,4.3005,39.419,8.2963,4.2616
28.83,7.6889,4.0366,27.2,7.5091,3.9702,22.828,7.0189,3.8282
47.621,8.1453,4.223,39.32,7.9226,4.1677,39.221,7.8978,4.1495
114.98,10.603,4.9754,115.94,10.571,4.9541,76.816,7.8326,4.1048
48.979,8.7564,4.4095,45.56,8.6743,4.3983,53.884,8.7865,4.3937
88.255,8.7492,4.3407,79.789,8.6396,4.3157,56.038,8.5519,4.3751
65.035,8.9388,4.5336,60.376,8.8845,4.5075,60.225,8.655,4.445
89.799,10.224,4.777,78.425,9.6838,4.6371,89.234,9.9961,4.7458
64.002,8.9288,4.4941,58.204,8.827,4.4403,64.079,9.3008,4.5842
60.315,8.1889,4.1969,49.258,8.6083,4.3245,53.884,9.5951,4.7843
99.263,10.444,4.8391,90.922,10.096,4.7353,86.795,9.2214,4.4845
116.12,11.433,5.304,121.73,11.615,5.3034,115.15,11.88,5.2508
64.704,8.9238,4.4471,53.64,8.7239,4.3755,50.324,8.7376,4.4256
67.536,7.905,4.1097,66.478,8.0814,4.2374,70.92,7.9561,4.2687
99.144,10.383,4.8635,92.346,10.172,4.8134,92.254,9.6562,4.6255
124.28,11.152,5.0766,109.71,10.58,4.9241,99.219,10.107,4.7782
57.026,9.145,4.5144,48.395,8.7109,4.3829,43.35,8.4419,4.3147
98.865,10.089,4.9153,101.68,10.697,4.9116,112.06,9.936,4.6737
121.41,10.423,4.8474,82.968,10.132,4.7617,90.987,9.8023,4.6726
131.42,9.543,5.0903,133.85,10.733,5.3076,96.788,7.8572,4.1997
113.85,9.5214,4.5853,90.178,9.2572,4.4452,115.79,9.1867,4.4394
84.997,8.8058,4.3409,82.209,8.8374,4.3606,78.781,9.2437,4.5357
89.574,10.383,4.8704,91.154,10.117,4.8117,92.28,9.4272,4.6544
100.86,10.911,4.9687,90.572,10.369,4.8232,90.197,10.034,4.7369
74.838,8.0902,4.3865,71.588,8.4652,4.55,66.974,9.1237,4.6104
95.82,8.9224,4.4173,81.321,9.0938,4.4974,70.696,8.8621,4.4141
60.44,9.2286,4.5234,54.909,8.7669,4.3699,50.149,8.4754,4.2256
62.36,9.1559,4.499,53.304,8.7619,4.3982,51.159,8.598,4.3389
102.55,9.5306,4.768,101.06,9.7263,4.8467,100.4,9.7615,4.8513
100.19,10.61,4.8927,82.461,9.8621,4.6926,73.795,9.2168,4.4777
101.54,11.027,5.0505,96.974,10.823,5.007,103,10.544,5.0639
87.442,10.56,4.8724,82.71,10.258,4.7836,88.188,10.022,4.7071
48.342,8.9349,4.4632,39.784,8.0546,4.1704,38.742,7.7772,4.0722
52.451,8.1459,4.1477,49.995,7.9876,4.1595,53.017,8.4107,4.3347
97.347,10.543,4.891,90.769,10.176,4.7869,87.97,10.028,4.737
94.995,9.2321,4.4519,74.89,8.939,4.3894,103.02,8.8476,4.3418
52.638,6.5454,3.5855,46.736,6.234,3.4584,83.224,7.705,4.4093
99.854,10.756,4.9596,100.96,10.317,4.7826,129.88,10.872,4.9731
95.057,8.8643,4.6957,98.474,10.1,5.1833,114,11.362,5.3593
123.23,11.087,5.043,119.07,10.508,4.926,112.1,9.8939,4.741
93.863,9.1397,4.5416,91.618,9.2037,4.5718,88.411,9.0541,4.5755
78.493,9.447,4.5417,73.921,9.3415,4.5075,71.746,9.2656,4.494
132.08,8.883,4.5171,142.56,8.4659,4.5044,140.85,10.715,4.8975
116.79,10.911,4.9827,100.84,10.441,4.8349,89.013,10.01,4.7097
116.69,11.107,5.005,109.12,10.829,4.9241,102.1,10.604,4.8632
57.785,8.7696,4.4149,51.944,8.6903,4.3918,46.483,8.5677,4.358
91.855,9.1328,4.4443,89.942,9.075,4.5042,106.85,9.255,4.514
95.097,9.5601,4.5602,99.73,10.379,5.0691,103.68,11.112,5.0552
105.07,6.8474,4.0533,111.63,7.0136,4.1659,82.544,6.3886,3.7406
115.3,10.527,4.8502,108.72,10.295,4.7788,93.706,9.7974,4.6274
121.38,8.8819,4.4817,120.66,8.8443,4.4992,114.11,8.6351,4.4394
71.201,9.1271,4.5936,68.494,8.8692,4.4226,64.287,8.8181,4.4008
85.733,9.969,4.7414,84.614,9.7748,4.7061,84.614,9.4963,4.5563
67.647,8.9311,4.6567,65.602,9.5451,4.6025,66.465,9.4019,4.6024
59.075,9.2154,4.5237,61.093,9.2345,4.5146,61.026,9.279,4.5365
145.89,11.366,5.0747,126.76,10.422,4.8194,107.49,10.151,4.7336
61.806,9.2872,4.557,59.508,9.0401,4.4542,72.768,9.0629,4.4857
131.5,11.279,5.0932,90.307,9.5658,4.6829,90.496,9.3106,4.6124
32.502,8.2147,4.1697,33.91,7.8988,4.0535,41.242,8.4515,4.2432
107.16,10.943,5.0851,106.64,10.662,5.0249,104.44,9.9913,4.7365
65.336,8.5059,4.4462,38.223,8.1044,4.1859,37.79,8.2117,4.2068
115.03,10.959,4.9692,113.94,10.77,4.9199,117.37,10.608,4.876
132.6,10.451,4.896,130.76,9.8689,4.7289,120.58,9.4673,4.5413
35.214,8.0723,4.2017,31.558,7.8911,4.1597,31.664,8.0018,4.2447
159.41,11.798,5.2276,152.48,11.822,5.1985,157.74,11.843,5.2072
61.603,8.9597,4.4829,50.241,8.693,4.3661,43.563,8.4613,4.2825
53.392,9.2206,4.5267,43.197,8.6076,4.3408,36.241,8.53,4.3135
92.916,8.2251,4.2121,89.038,8.3176,4.3265,85.552,8.3206,4.4528
86.654,9.7723,4.6556,59.721,8.5189,4.2807,52.128,8.0223,4.1007
63.446,9.0303,4.5209,52.493,9.0245,4.4747,52.776,8.714,4.4122
58.733,8.7525,4.3969,43.408,8.3914,4.2685,36.206,7.6985,4.0623
60.041,9.19,4.451,53.531,8.7016,4.3159,55.273,8.7573,4.3222
72.282,9.4596,4.5578,71.221,9.3009,4.5267,76.942,9.3885,4.6011
181.82,13.328,5.6451,186.31,13.254,5.6323,178.62,12.855,5.5118
128.97,10.522,4.914,117.51,10.281,4.8985,111.01,10.157,4.8395
130.19,10.703,4.9386,92.298,9.8921,4.6701,84.798,9.5529,4.6055
113.11,10.358,5.0209,106.59,9.1667,4.8138,108.05,7.7648,4.4705
98.016,10.7,4.9303,98.467,10.082,4.7491,108.91,10.213,4.8128
56.048,7.8215,4.1037,94.949,11.874,5.2437,89.938,11.089,5.0431
162.99,12.248,5.355,151.98,11.975,5.2702,149.98,11.931,5.2476
115.78,10.72,5.0096,99.019,10.713,4.9576,102.34,10.499,4.8759
77.327,9.7986,4.6474,77.68,9.6469,4.5976,92.324,9.7376,4.6298
60.237,8.9086,4.4745,49.467,8.4356,4.3567,39.651,8.1228,4.2612
84.127,10.506,4.8739,98.963,9.5584,4.5649,98.677,8.7845,4.336
85.58,10.832,5.0833,78.677,11.256,5.1327,73.412,11.005,5.0262
71.872,9.0086,4.4605,71.959,8.8355,4.4251,71.088,8.9846,4.4695
55.638,7.863,3.9952,81.982,7.983,4.1174,65.718,7.5844,3.8783
94.569,9.2788,4.4476,95.224,9.283,4.4311,75.723,9.2877,4.5043
173.74,12.53,5.4208,186.5,11.988,5.254,198.6,12.138,5.319
117.93,11.322,5.1434,97.47,10.844,5.0134,88.256,10.545,4.9142
120.09,11.899,5.2515,123.96,11.261,5.0525,94.654,8.9708,4.7896
102.42,10.422,4.9008,104.06,10.16,4.8019,84.634,9.8846,4.7478
110.63,10.791,4.9458,83.839,9.8205,4.6873,72.551,9.5371,4.5954
154.43,10.138,5.3435,148.78,12.105,5.6403,86.341,9.7421,4.9357
80.124,8.375,4.1933,66.5,9.0335,4.652,79.046,8.5038,4.4532
67.799,8.9203,4.57,60.129,8.8672,4.5178,53.544,8.5038,4.3617
128.42,10.944,5.025,93.045,9.6699,4.644,73.502,9.5439,4.6316
123.52,11.249,5.0525,119.76,10.904,4.9469,124.99,10.6,4.8599
113.38,11.063,4.9773,103.46,11.943,5.4319,79.428,9.9271,4.9776
70.575,9.8417,4.6352,59.654,9.3852,4.5075,47.325,8.3022,4.2159
60.553,9.0214,4.4844,43.02,8.4028,4.3074,38.587,8.086,4.2025
42.445,8.5668,4.3395,38.277,8.1933,4.2254,37.679,7.9315,4.1208
74.419,8.9746,4.4172,84.207,9.3081,4.5065,77.708,8.919,4.4251
95.593,10.483,4.8162,82.802,10.131,4.7545,81.025,10.028,4.6944
105.18,10.922,5.0021,93.359,10.179,4.7992,92.586,9.9962,4.7267
72.675,8.9213,4.439,62.945,8.9176,4.4413,56.254,8.8036,4.393
143.43,11.378,5.229,135.17,11.201,5.0953,132.19,11.102,5.0502
147.59,11.519,5.1321,130.92,11.369,5.0748,127.54,11.242,5.0351
71.596,9.1743,4.6492,55.761,8.9739,4.5129,49.021,8.8405,4.4248
56.33,8.7459,4.4265,53.208,8.8475,4.4474,61.909,8.6821,4.3403
72.409,8.9944,4.3949,69.524,8.8792,4.3766,61.766,8.9969,4.4311
74.252,9.115,4.519,62.012,8.9899,4.4644,58.476,9.0774,4.4911
81.533,8.5973,4.3081,79.378,8.6564,4.4158,96.911,9.4289,4.7056
101.35,8.4654,4.2043,92.184,9.0766,4.6187,96.89,8.5898,4.3037
57.427,9.1258,4.5603,47.486,8.7627,4.4124,48.832,8.6073,4.3993
98.102,10.589,4.893,91.006,10.373,4.8589,90.287,10.185,4.7922
83.283,10.151,4.8106,64.545,9.7287,4.7144,69.829,9.6373,4.6063
113.45,10.132,4.7183,107.32,9.7422,4.6133,105.12,9.6554,4.5777
80.175,9.8285,4.6662,67.869,9.3432,4.5563,68.524,9.4058,4.5834
47.507,8.6748,4.3619,41.151,8.3226,4.2793,36.888,7.812,4.0876
98.956,10.89,5.0029,80.607,10.498,4.8925,75.842,9.9761,4.7611
106.42,10.728,4.9382,110.29,10.761,4.9656,111.89,10.679,4.9166
96.766,9.1256,4.4158,84.617,8.7024,4.3422,75.812,8.7846,4.4122
98.254,9.989,4.709,73.551,9.2988,4.5109,61.618,8.6947,4.35
99.113,10.05,4.7402,78.778,9.3185,4.4917,76.789,9.1269,4.4231
67.211,8.5821,4.2204,55.052,8.9433,4.3497,46.144,7.7388,3.9643
90.543,10.193,4.7788,83.566,9.7686,4.6544,82.395,9.521,4.5717
64.136,9.1642,4.454,66.209,8.9201,4.4001,72.728,8.9395,4.42
130.35,11.722,5.1995,119.82,11.591,5.1588,124.96,11.127,5.0303
108.81,11.415,5.137,102.7,10.805,4.9582,101.4,10.567,4.8953
53.756,8.6987,4.417,50.642,8.5835,4.3649,50.46,8.7009,4.4212
29.799,7.6064,4.0065,28.696,7.5662,4.0082,26.079,7.2123,3.9028
61.226,8.7107,4.4269,42.806,8.06,4.2429,31.546,7.6814,4.1453
51.075,8.6143,4.3034,39.31,7.867,4.0833,33.97,7.289,3.936
180.98,13.344,5.6744,163.74,13.317,5.6558,144.22,13.171,5.6223
103.39,9.3158,4.4649,79.604,8.9962,4.5407,75.882,8.4517,4.2883
51.149,8.9726,4.4515,42.29,8.4185,4.3019,31.667,7.9675,4.23
79.183,9.0017,4.521,75.187,8.8951,4.4198,55.493,9.0159,4.4762
46.359,8.6294,4.3312,46.154,8.3604,4.2586,48.07,8.2813,4.1934
62.399,9.4107,4.7055,48.389,9.3226,4.5619,43.789,8.6674,4.4007
132.83,10.433,4.9367,113.12,10.69,5.0246,116.39,10.291,4.8598
104.14,10.344,4.819,76.489,9.6995,4.632,53.36,9.0836,4.459
107.67,10.521,4.8242,95.988,9.4906,4.5366,106.47,8.8327,4.3951
47.072,8.5312,4.2529,44.645,8.3824,4.2037,39.982,8.0753,4.164
92.738,10.419,4.8351,91.78,10.208,4.8036,105.67,9.8655,4.6985
118.91,11.555,5.1423,82.388,10.863,4.9811,52.041,8.7282,4.311
83.493,8.8087,4.5128,63.399,8.8294,4.4125,49.586,8.3397,4.2471
68.406,7.9507,4.0408,71.891,8.719,4.3057,86.277,10.29,5.103
132.42,11.431,5.1087,148.56,11.068,4.9982,144.33,11.194,5.0293
90.799,10.771,4.9061,94.99,10.331,4.7748,78.771,8.8904,4.496
30.254,8.2026,4.2115,30.63,8.0101,4.1844,35.588,7.8608,4.1948
44.078,8.4943,4.2803,40.978,8.2818,4.2092,42.142,8.2622,4.203
82.2,8.6839,4.3863,76.767,8.534,4.4084,76.061,8.4768,4.3634
90.594,11.088,5.0215,94.666,10.216,4.8803,125.88,9.4901,4.558
64.21,9.0305,4.4604,46.175,8.3748,4.3042,43.212,8.1572,4.2153
115.18,10.981,5.022,97.508,10.432,4.8755,97.194,10.035,4.7686
97.822,10.658,5.0822,101.72,10.955,5.034,118.62,11.216,5.097
59.52,9.072,4.6847,57.269,9.465,4.6793,50.75,8.851,4.41
63.131,9.2166,4.5549,65.748,8.9693,4.4625,71.513,9.1611,4.5483
113.36,11.19,5.0605,100.11,10.576,4.9162,95.688,10.014,4.7312
51.439,9.5072,4.6319,46.147,8.3122,4.2822,46.236,7.9746,4.3023
111.14,10.628,4.8739,103.43,10.413,4.8221,102.06,10.332,4.7928
46.617,8.7403,4.4241,40.262,8.6157,4.3583,37.283,8.4157,4.3031
105.9,10.903,4.9682,102.78,10.307,4.7989,103.84,10.332,4.787
58.097,8.9891,4.4295,50.755,8.6091,4.2815,44.376,8.2112,4.1661
106.83,10.462,4.8643,103.14,10.482,4.8781,62.469,9.7026,4.8043
58.286,8.4975,4.2599,51.749,8.5004,4.3002,56.119,8.9987,4.4266
60.844,9.2947,4.6822,59.925,9.9256,4.7049,70.315,9.3347,4.57
75.368,9.807,4.6635,69.338,9.4109,4.6187,76.262,9.7728,4.6783
85.132,10.101,4.7392,77.423,9.7456,4.642,73.528,9.483,4.5812
134.14,11.44,5.1029,131.13,11.061,5.0001,141.45,10.978,4.9726
119.86,11.237,5.0809,119.03,11.129,5.0471,117.48,10.942,4.9982
113.41,10.885,4.9901,87.836,9.5934,4.6046,90.486,9.6692,4.6319
86.719,8.0852,4.3356,74.745,8.7958,4.6169,67.776,9.1341,4.5962
63.781,9.3828,4.5507,57.692,9.2013,4.4911,57.947,9.0768,4.4655
71.19,8.6458,4.303,64.071,8.5297,4.2752,79.275,8.7438,4.4239
76.443,10.59,4.8827,68.643,10.071,4.7379,73.409,10.209,4.8097
76.305,10.141,4.7299,73.119,10.161,4.7826,93.318,9.8473,4.693
36.096,8.2851,4.193,36.32,8.1656,4.1897,35.368,8.2405,4.2761
59.951,8.4082,4.305,56.276,8.2809,4.2928,57.199,8.364,4.3258
93.019,9.7981,4.6251,74.305,9.1399,4.4388,62.8,8.9633,4.4376
81.287,9.9048,4.6616,62.263,9.3389,4.5121,51.671,8.025,4.1174
100.45,10.786,4.9491,104.06,9.7942,4.6828,106.7,9.5731,4.6119
102.48,10.425,4.8564,109.82,10.17,4.809,115.46,9.7173,4.673
74.057,9.798,4.6767,66.912,9.2954,4.5071,67.102,9.4457,4.5715
154.53,11.283,5.2337,155.45,11.959,5.4104,156.31,12.262,5.4623
123.98,10.718,5.006,121.13,10.661,4.9957,126.46,10.849,4.9886
73.683,9.1734,4.5819,72.517,9.0962,4.5512,65.762,9.5554,4.5944
72.951,9.3118,4.7387,72.975,9.5073,4.7897,77.183,8.7737,4.5136
76.755,8.6891,4.3462,66.872,9.1623,4.4995,66.549,9.0034,4.4355
124.86,9.0659,4.6213,81.643,8.6124,4.2956,70.073,8.381,4.4047
104.51,10.19,4.729,100.96,10.03,4.6816,109.59,9.9526,4.6611
76.316,9.9146,4.7038,73.86,9.7999,4.6279,83.944,8.0932,4.4915
62.617,8.4309,4.2155,60.192,8.3131,4.2551,65.344,8.3007,4.2967
147.63,11.252,5.2323,147.42,11.005,5.1444,148.49,10.715,5.0462
67.541,8.4154,4.1568,78.338,8.1097,4.059,108.28,8.0902,4.0773
65.804,9.7002,4.7303,58.414,9.473,4.6429,60.427,9.4084,4.6492
93.994,9.8363,4.6515,76.237,9.2419,4.4824,66.972,8.203,4.1712
154.95,12.136,5.3673,151.04,12.07,5.3528,144.72,11.979,5.3328
130.17,10.793,4.9234,132.44,9.7625,4.6472,116.35,9.3548,4.7005
86.849,9.5627,4.6945,95.402,10.448,4.9562,115.76,11.298,5.1271
56.931,8.5722,4.3005,52.261,8.2462,4.2458,47.82,8.0205,4.1444
149.23,11.082,5.027,135.21,10.63,4.8867,129.88,10.292,4.7873
131.59,10.584,4.9188,111.93,10.237,4.8055,111.87,9.7699,4.6864
161.86,11.031,5.1643,165.49,12.115,5.2961,181.97,12.222,5.3298
160.27,12.012,5.3394,142.8,10.922,5.0695,126.04,10.561,5.1353
108.65,10.301,4.8547,115.19,9.966,4.8141,131.54,9.6802,4.6412
48.543,9.2689,4.5088,54.364,9.5803,4.5936,56.63,8.952,4.3979
118.97,10.991,5.0541,108.45,10.62,4.9386,101.85,10.308,4.8551
169.61,11.642,5.2232,159.87,10.961,5.0502,128.84,10.91,4.9923
156.54,11.515,5.2144,156.16,11.577,5.2275,159.51,11.544,5.2241
132.89,10.263,4.8843,146.83,10.515,4.9095,129.64,9.6436,4.6338
123.85,10.048,4.7756,126.45,10.282,4.8133,126.71,10.194,4.7769
78.004,10.07,4.7181,81.171,9.8547,4.7033,87.789,9.9636,4.7891
194.48,10.553,5.2474,154.85,10.124,5.117,102.3,9.9201,4.9068
122.41,11.073,5.0475,140.02,10.782,4.9466,132.86,9.9891,4.7014
97.142,10.091,4.7685,88.324,9.4922,4.6534,93.608,8.5867,4.4921
214.53,11.769,5.3503,171.72,10.456,4.932,95.209,10.057,4.6856
36.512,8.8209,5.0249,41.853,9.9764,5.1588,114.04,12.615,5.5147
91.448,5.6679,3.5272,111.68,8.0153,4.9643,139.61,13.058,5.7467
109.36,9.6282,4.5929,132.97,9.7258,4.6245,169.25,11.776,5.399
120.32,9.9313,4.6918,118.02,10.563,4.8479,111.75,10.398,4.7938
84.937,9.8939,4.7713,120.94,11.902,5.367,159.55,12.366,5.3594
98.505,9.0239,4.3563,100.21,9.0427,4.3548,107.34,9.052,4.3552
140.93,10.924,5.259,157.43,11.216,5.4078,160.35,11.256,5.4507
105.8,10.907,4.9879,103.16,10.825,4.9193,97.981,10.482,4.8165
91.733,9.9575,4.6859,93.458,9.0922,4.4484,117.19,10.162,4.7906
129.26,10.506,4.862,115.29,10.329,4.8093,108.68,10.049,4.7415
163.73,12.624,5.4433,163.73,12.624,5.4433,163.73,12.624,5.4433
109.51,10.35,4.839,94.158,10.008,4.7478,83.568,9.3846,4.6052
113.63,10.717,4.9424,101.76,10.082,4.7477,86.359,9.6128,4.6121
144.35,10.126,4.8605,137.77,10.31,4.9516,139.77,10.128,4.7613
149.87,10.851,5.0525,167.56,11.042,5.1335,185.36,11.239,5.2113
132.88,10.57,4.8988,147.67,10.561,4.8677,149.01,10.465,4.831
135.3,11.326,5.0659,119.5,10.865,4.946,125.27,10.869,4.9501
122.26,8.5137,4.3125,139.97,7.9127,4.1497,149.5,7.6667,4.6289
128.74,11.149,5.0693,95.18,10.186,4.794,50.637,8.8403,4.3779
58.185,8.6833,4.661,98.315,8.4061,4.5188,182.27,11.04,5.4787
86.969,9.6601,4.6403,74.613,9.2531,4.5209,150.44,11.304,5.133
115.19,10.342,4.8066,77.298,9.9126,4.7545,55.502,8.5346,4.3633
117.63,9.732,4.6714,92.403,8.9274,4.4798,70.464,8.6552,4.5225
124.35,10.918,5.0384,113.17,10.566,4.9696,108.26,10.261,4.8904
115.67,11.959,5.2425,127.92,12.034,5.2664,143.63,12.272,5.3772
86.887,9.5023,4.6759,68.129,8.6551,4.4845,72.664,8.6825,4.4194
137.79,10.882,4.9798,145.25,10.856,4.9761,150.37,10.98,5.0137
137.37,8.487,4.3875,165.88,8.2843,4.3841,200.39,7.9811,4.4983
101.85,9.8274,4.6932,98.006,10.243,4.8333,91.664,10.392,4.8518
91.977,10.138,4.8115,68.68,9.7434,4.6875,57.293,9.2354,4.4364
120.7,10.182,4.9167,121.83,10.945,5.1451,118.06,10.743,4.9387
63.696,8.9247,4.53,59.095,8.8018,4.5102,66.921,9.3736,4.6686
114.06,10.549,4.8909,80.92,9.5771,4.6197,74.358,9.3922,4.5629
107.76,10.354,4.8163,106.92,10.311,4.7996,109.97,10.371,4.8272
120.9,10.55,4.8813,135.55,9.9959,4.7551,133.01,11.563,5.2307
98.318,8.7029,4.3726,111.45,9.7741,4.7745,117.32,10.138,4.7254
139.64,10.371,4.8137,130.92,9.9979,4.8412,140.97,12.452,5.3946
121.89,10.34,4.842,124.78,10.279,4.8598,107.01,10.428,4.9628
114.7,10.398,4.8644,73.24,8.7614,4.4616,48.016,7.6547,4.0198
149.15,12.343,5.4223,148.55,11.921,5.3069,155.21,11.284,5.1431
119.99,10.1,4.7581,121.53,10.29,4.8652,116.17,11.42,5.1067
89.49,9.9547,4.6936,85.981,9.4343,4.5484,84.12,9.3602,4.5353
75.32,9.3337,4.6105,66.292,8.8955,4.4988,64.841,7.956,4.1458
189.53,11.637,5.2213,200.73,11.555,5.2528,216.42,11.922,5.5105
130.69,10.422,4.8461,130.36,10.318,4.8094,119.7,10.12,4.7301
72.118,9.3281,4.5462,63.265,9.2593,4.5129,78.068,9.339,4.521
49.438,8.5817,4.4542,69.866,9.7363,4.7006,88.38,9.888,4.6233
100.58,9.9424,4.7455,99.326,9.7353,4.6861,93.769,9.5848,4.6294
126.18,10.209,4.8323,136.53,10.226,4.8229,147.97,10.318,4.8183
97.273,10.171,4.8135,87.171,9.9947,4.7904,42.541,8.3358,4.3093
116.01,12.052,5.92,117.45,10.828,5.8231,123.44,7.9239,5.7755
157.88,11.765,5.2766,172.89,12.239,5.3537,174.75,11.834,5.239
85.363,10.187,4.8456,126.22,10.121,4.9522,165.61,9.4247,4.9566
128.5,9.7301,4.7245,113.96,10.039,4.79,106.12,9.765,4.7404
128.53,10.656,4.9458,109.61,10.65,4.931,85.019,10.532,4.9343
33.988,7.9299,4.2705,62.531,8.6621,4.336,64.318,8.5793,4.3426
190.47,11.388,5.1565,192.98,12.012,5.362,197.98,12.481,5.5496
147.09,10.28,4.775,144.71,10.311,4.7896,148.77,10.384,4.8839
154.1,12.692,5.5425,151.63,12.601,5.551,162.97,12.871,5.5353
86.816,10.175,4.8345,84.215,10.275,4.864,80.375,10.231,4.8525
152.17,12.327,5.3824,147.09,12.148,5.3261,144.99,11.992,5.2879
79.175,8.9532,4.4003,79.103,8.8768,4.3754,74.226,8.801,4.3505
116.36,10.676,4.9799,117.03,9.759,4.7023,105.98,9.9617,4.7347
167.22,11.249,5.0666,163.35,11.497,5.2042,152.9,11.634,5.1682
130.36,10.49,4.8409,148.72,9.8292,4.6522,167.61,9.2288,4.5874
137.47,11.397,5.1613,128.1,10.928,5.0038,136.47,11.235,5.0896
127.43,12.109,5.3365,88.45,10.82,4.9455,68.648,10.498,4.8666
168.75,11.859,5.2936,153.21,11.444,5.1673,141.58,11.391,5.1567
178.46,12.62,5.4339,176.43,12.632,5.4384,182.77,12.661,5.447
144.14,11.223,5.0785,139.2,11.135,5.0271,144.8,11.464,5.144
127.73,10.84,4.961,88.668,9.8207,4.6434,61.593,9.0007,4.3773
133.11,10.775,4.945,120.44,10.393,4.8241,116.88,10.559,4.9283
77.967,9.5888,4.7168,65.077,8.8091,4.3224,79.475,8.4598,4.2184
142.12,11.034,5.0508,135.79,10.899,5.0301,120.76,9.8629,4.7564
145.33,11.156,5.1208,134,11.062,5.0735,123.91,11.279,5.1051
135.55,10.93,5.023,124.95,10.653,4.9501,104.24,10.291,4.8209
119.24,10.415,4.8464,105.4,10.021,4.7196,108.98,10.082,4.743
105.01,8.5627,4.2152,105.19,8.5631,4.2234,100.71,8.6462,4.2457
108.84,11.212,5.0459,119.96,10.925,4.9574,115.44,10.81,4.913
124.63,10.302,4.8798,121.03,10.372,4.8581,118.03,10.275,4.8006
134.02,11.104,5.0787,134.11,11.803,5.3315,133.68,11.607,5.2021
46.539,10.123,4.8588,67.551,8.9254,4.5233,48.576,8.4,4.3401
166.07,12.655,5.4666,176.54,12.609,5.4326,175.12,12.65,5.4426
87.539,9.8384,4.6643,77.034,9.8437,4.736,72.142,9.8293,4.6996
144.62,10.031,4.8782,151.69,11.35,5.1612,134.16,9.575,4.6135
122.42,11.063,5.0422,93.199,10.497,4.9095,88.466,10.308,4.8186
158.17,12.04,5.313,148.09,11.571,5.1965,147.39,11.162,5.0619
130.58,10.549,4.932,129.62,10.678,4.9578,131.04,10.874,4.9923
88.191,9.246,4.5295,135.93,8.7834,4.5655,171.35,10.71,5.0055
145.12,7.5284,3.9047,172.05,9.0741,5.6088,164.62,12.331,5.4189
45.084,8.6438,4.3412,29.86,8.3726,4.2637,20.881,7.5515,4.0389
111.96,11.129,5.143,131.59,10.383,4.8328,142.21,10.323,4.7996
123.59,9.112,4.4935,118.76,8.9151,4.461,103.53,8.8428,4.4558
111.79,4.9078,2.9364,122.58,4.9136,3.1137,136.15,5.9918,4.5711
98.144,9.7989,4.6942,141.04,10.014,4.8897,160.2,12.872,5.5629
111.03,9.7603,4.7019,109.13,10.006,4.7831,109.6,10.007,4.778
94.85,10.323,4.7745,89.219,10.057,4.7226,78.424,9.7169,4.6012
139.95,10.988,4.9845,141,10.903,4.9573,137.8,10.742,4.9182
218.35,13.817,5.7885,211,13.64,5.7187,199.97,13.569,5.6988
90.853,10.445,4.9098,96.722,9.2575,4.5905,105.32,9.8799,4.7503
133.93,11.428,5.1979,138.97,11.282,5.1437,148.58,10.897,4.9976
149.15,12.343,5.4223,148.55,11.921,5.3069,155.21,11.284,5.1431
185.09,10.774,5.0048,154.05,10.319,4.8292,146.55,9.535,4.5544
131.32,10.039,4.7931,116.37,9.868,4.7417,88.787,9.0365,4.4839
33.129,7.0779,3.6941,122.26,7.1333,4.0316,162.2,7.6913,4.6091
158.98,12.352,5.4222,163.22,11.753,5.2857,169.59,11.269,5.0783
129.47,10.429,4.8191,148.84,10.053,4.7064,162.93,11.255,5.2027
74.458,8.0298,4.0807,90.561,7.9468,4.0715,115.61,7.7414,4.0366
129.92,10.693,5.0318,146.19,11.732,5.3404,169.75,12.985,5.5731
99.152,10.192,4.7623,102.15,10.327,4.8197,89.844,10.927,4.9574
124.59,11.386,5.0989,126.08,11.409,5.1076,128.3,11.458,5.1332
180.43,10.857,5.138,160.95,10.667,4.979,172.42,10.923,5.0639
111.65,7.5453,3.957,122.17,7.7238,4.0304,126.82,8.2609,5.3666
110.37,10.153,4.7726,68.094,9.0245,4.4766,82.881,8.8251,4.3234
72.757,8.9838,4.412,55.929,8.6656,4.3152,123.9,10.022,4.7062
140.73,10.71,4.9641,142.94,10.891,5.0186,142.92,10.905,5.0235
78.395,9.7032,4.6775,78.779,9.4989,4.6102,80.227,9.3301,4.5462
120.42,10.115,4.7463,116.8,10.084,4.7235,111.98,10.035,4.6958
122.57,11.508,5.1573,153.95,10.567,4.931,163.61,10.841,5.0364
140.34,10.811,5.0345,154.17,11.261,5.1447,159.23,11.173,5.1008
118.56,8.4517,4.4798,152.42,8.6479,4.6351,170.65,8.6893,4.6749
189.47,11.576,5.1681,195.5,11.182,5.0787,199.05,11.392,5.1537
68.595,8.8759,4.4709,53.583,8.6633,4.4515,45.203,9.0421,4.4821
142.16,12.046,5.2805,129.69,11.552,5.1372,122.16,11.32,5.0731
120.84,10.758,4.9658,114.76,10.556,4.8912,113.28,10.54,4.8856
83.783,9.2318,4.5225,83.913,9.2678,4.5809,70.714,9.3782,4.5749
122.57,11.508,5.1573,153.95,10.567,4.931,163.61,10.841,5.0364
105.84,10.292,4.871,98.278,10.188,4.8411,92.493,10.165,4.8531
117.28,9.627,4.5803,83.33,8.6158,4.2546,98.293,9.361,4.5813
233.25,14.244,5.9076,229.99,14.266,5.9105,228.77,14.233,5.8986
73.948,7.997,4.3523,91.179,8.3612,4.3448,131.08,9.8747,4.7196
118.95,11.874,5.3014,121.42,11.935,5.3282,122.2,11.89,5.3174
82.971,10.073,4.7365,106.54,10.599,4.9117,100.41,10.4,4.8527
155.36,11.223,5.1575,140.59,11.459,5.1833,131.06,11.8,5.2408
158.35,10.563,4.9553,148.06,10.186,4.7644,136.35,10.215,4.7538
65.818,9.2578,4.5656,55.844,8.5452,4.4004,44.541,8.3747,4.4166
138.35,10.593,4.9337,136.99,10.492,4.9017,129.94,10.357,4.8505
76.092,8.5877,4.2788,66.182,8.5989,4.3053,61.993,8.6432,4.3563
125.82,10.87,4.9843,117.59,10.4,4.83,113.17,10.429,4.8393
86.316,10.695,4.9336,161.7,10.347,4.9676,191.15,10.58,5.0764
213.55,12.928,5.5851,203.44,12.194,5.395,196.3,11.926,5.2697
130.6,10.337,4.8452,100.88,9.6176,4.7062,57.645,8.9837,4.4423
112.64,10.328,4.8196,113.76,10.183,4.788,90.899,9.6406,4.6265
107.86,10.448,4.9232,134.4,11.839,5.3114,151.68,12.502,5.4011
119.19,10.251,4.8023,121.34,10.316,4.8213,125.86,10.323,4.8204
125.46,11.917,5.2433,127.79,11.862,5.2331,133.19,11.744,5.2789
124.59,11.386,5.0989,126.08,11.409,5.1076,128.3,11.458,5.1332
194.7,11.658,5.3433,130.65,11.105,5.0776,152.5,10.307,4.8634
129.64,10.283,4.756,130.06,10.246,4.745,131.67,10.142,4.7196
155.98,11.098,5.0374,110.76,10.246,4.8279,95.395,9.8262,4.7089
94.168,8.3518,4.4049,121.91,8.6702,4.6838,154.71,10.176,5.2075
136.53,11.275,5.1647,146.94,11.567,5.2983,161.71,13.18,5.8319
92.118,10.67,5.0467,89.402,10.785,5.0226,85.948,10.649,4.9498
148.53,11.907,5.2416,140.71,11.918,5.2485,133.92,11.534,5.1289
186.42,8.1717,4.6241,164.07,8.9544,4.8362,146.97,8.9761,4.7868
149.55,10.315,4.9086,194.62,11.545,5.3437,209.45,12.407,5.5406
142.94,10.772,5.0098,130.78,10.254,4.8409,131.99,10.361,4.9097
95.066,8.5559,4.2874,125.74,8.6916,4.4136,151.35,10.176,4.9163
47.773,9.2219,4.5165,62.666,9.6903,4.6722,32.635,8.6153,4.4966
85.451,9.024,4.4303,47.95,8.245,4.2321,28.299,8.0018,4.2358
